# [SH0ES_CALIB]This is the data for ISO distributed Sne positions with a new set of data for each repetition.
# 500 repetitions, 3072 points, q0f= -0.574 h0f= 0.7304
# 
# delta_h0_iso_max            delta_q0_iso_max
8.140365150677619788e-03 7.003625736854837136e-01
8.099634082046391903e-03 7.758177857219905604e-01
8.431952820813326532e-03 6.099680561713380911e-01
1.134865049965005923e-02 8.954389215732045937e-01
1.157089106084763230e-02 1.019851471292387401e+00
1.402569954068133562e-02 1.168359293027553480e+00
7.372314247502842477e-03 5.341941988285173748e-01
1.484176006973902950e-02 1.227784976965081043e+00
1.359346677089467992e-02 1.045565005322389940e+00
9.567998622314721757e-03 6.722345109823162357e-01
8.970653364965719412e-03 6.311726125112353536e-01
8.819707111490382445e-03 6.810557342063374708e-01
1.131779973888502600e-02 6.924415816068397733e-01
8.019544446158155537e-03 7.400412908775748644e-01
9.011114541663256539e-03 7.734369603585531383e-01
8.888973563965674174e-03 5.457269831024587070e-01
1.200565330741509840e-02 9.378539666119640739e-01
1.022339828226126457e-02 7.327865757417020287e-01
1.024122046112962980e-02 9.257138688449645381e-01
1.347351646011585302e-02 7.288691370092004185e-01
1.049220020945207388e-02 6.242399232998923075e-01
8.940135200812382443e-03 7.784709222133636697e-01
1.064136353250844103e-02 8.313279519756395786e-01
7.828092062106328797e-03 7.270342420863565858e-01
1.249177115969679619e-02 9.480146576689112425e-01
8.168974092974679024e-03 6.988042322440137788e-01
9.351997224074315440e-03 6.491998787889459166e-01
1.461143368147621580e-02 1.220009442100996822e+00
1.277578033400994517e-02 8.802041267614948428e-01
1.125577829209012393e-02 7.551159118995143249e-01
7.615503310221094502e-03 5.817465491897457763e-01
1.204633641216490414e-02 8.059607464340248217e-01
1.107262331538105826e-02 9.679478322458416883e-01
1.230028390646575875e-02 9.748620018186998637e-01
1.167134082483556323e-02 9.730295028541782187e-01
1.044332397864811135e-02 8.146032579249959937e-01
9.824235196083663801e-03 6.349563124084711685e-01
1.272727608984569603e-02 1.075156809141841752e+00
7.150504339087593308e-03 6.631121697396898940e-01
1.284220425441584545e-02 9.253883682271168976e-01
7.523442341474617656e-03 7.080599185912590521e-01
9.563493152694890753e-03 8.264442171999245579e-01
1.182767523274808052e-02 7.176350521486296596e-01
1.118821366016020669e-02 8.029470098789173171e-01
1.472055270275485217e-02 1.152861882351202460e+00
9.771860116913222427e-03 7.114031204704647227e-01
1.057469538310973345e-02 8.173319088485129225e-01
1.064893522245946578e-02 8.445229492476277189e-01
1.147136083167321630e-02 7.893851263715934152e-01
1.167130203674482392e-02 9.479749257692322573e-01
1.541651373193220209e-02 1.171912019689928197e+00
8.905439492306821414e-03 6.570817785031979330e-01
1.363094825910537988e-02 1.086450054226291373e+00
1.212680500647445037e-02 1.026999409881421910e+00
1.293932692080124180e-02 7.646567995553639197e-01
1.072751935381455191e-02 7.804485717668114830e-01
1.229032152031295233e-02 8.936301787205870317e-01
8.611311854596070958e-03 6.496181621983918575e-01
9.240933608215096129e-03 7.271897408554590658e-01
9.126910561964463042e-03 7.894249072766983399e-01
1.329009376345835491e-02 9.960869580426222614e-01
1.025089112580856998e-02 9.299996630278123400e-01
1.274768706819806585e-02 9.018416743522267298e-01
1.118298850997201388e-02 7.664641707566353102e-01
8.930117459535535929e-03 6.785000665871300241e-01
1.410817482540960288e-02 1.077131837833398498e+00
8.529317059449814664e-03 7.492067432890965328e-01
9.705828235005098392e-03 7.868017743309216883e-01
6.464058597701938247e-03 5.843539956818202263e-01
1.228697253659216670e-02 1.015998944961924444e+00
7.753919201211156853e-03 5.640318379839838192e-01
1.332616793359331364e-02 8.803588997016862372e-01
1.089248150942256910e-02 9.678165848392210613e-01
9.462116547259369348e-03 7.948731694601959274e-01
1.212402695118974805e-02 6.807133742369141371e-01
1.385043730697976816e-02 1.060079715338400064e+00
1.140124495032757146e-02 9.069040853013764503e-01
9.828988703030394625e-03 7.434244139756451819e-01
1.501755883088495835e-02 9.710123029972264064e-01
1.560468939709525049e-02 1.022152077035608952e+00
1.151279057004772621e-02 9.120660974488976613e-01
1.114865492822503246e-02 9.664417816979553599e-01
1.002367863485609245e-02 5.065612781266468634e-01
1.242922195001494590e-02 1.058049201751655399e+00
7.769305409422000430e-03 5.396025844391808546e-01
9.114260110421601446e-03 7.506559070973727321e-01
9.176020539636065010e-03 6.762947563369793302e-01
1.059577205334605310e-02 6.332861447062999583e-01
8.334837915005444131e-03 7.301327198557088227e-01
1.258893834500185438e-02 1.018168948793032325e+00
1.108263354381466836e-02 9.100343184505761407e-01
9.083520817925516688e-03 7.960023089304280042e-01
1.090352291827645370e-02 7.839643271972420724e-01
7.365973661262459338e-03 7.454227315768893192e-01
1.127222318134735168e-02 9.603454059136327103e-01
8.838428079520954661e-03 7.899689693129596790e-01
1.180317942448316781e-02 9.819127926372775983e-01
1.074587979222463296e-02 8.674279195217277083e-01
9.819189323910570977e-03 8.343524584445145553e-01
1.060356768491943491e-02 9.147455434569893296e-01
1.470924686363694889e-02 1.126635277966977489e+00
1.307211489514614744e-02 1.104374924711466699e+00
9.042071395050643723e-03 9.041716109634528875e-01
9.030507220444961014e-03 7.992891354514668478e-01
9.500847071285623002e-03 9.131518720481732743e-01
8.552939527617930970e-03 6.895114394167565219e-01
1.088171967337314694e-02 8.147892992835296111e-01
8.861816526027022078e-03 8.462348436441302635e-01
1.211608887978687932e-02 8.663061041879631663e-01
1.211593416867251527e-02 8.500315769182611447e-01
8.374429161729368687e-03 5.597546576144474262e-01
1.050953724976977366e-02 7.134006111030382069e-01
6.583591998401305823e-03 5.050393713755048086e-01
1.023675436753856971e-02 8.807541040047779379e-01
1.026102626459324263e-02 8.251995222024953724e-01
8.631799857875877002e-03 6.682857195917288884e-01
1.052084887492377163e-02 7.783689475515382927e-01
8.863155024115054736e-03 7.098107384443460566e-01
8.006139728650163434e-03 5.473863531813326633e-01
1.062820285950494270e-02 8.663878355736449599e-01
1.043496528079734809e-02 7.378557470020892239e-01
9.013376711292875321e-03 6.475990685535281122e-01
8.155639252250823645e-03 6.509107174942861951e-01
1.073313533530384500e-02 8.716002366323146733e-01
7.690527709663275147e-03 6.821025479693713089e-01
8.020245700274930556e-03 6.454368534257596268e-01
1.152862060737203098e-02 8.187493662987334053e-01
1.398175132465206971e-02 1.224955416124416496e+00
9.096622945729881948e-03 6.680149938091186623e-01
1.110447060288388688e-02 7.804495266316786584e-01
1.274235585766303469e-02 9.278912682243339871e-01
9.989632256930947030e-03 8.198925339621949693e-01
8.978020362499283813e-03 7.207957736219134937e-01
1.245989376854406139e-02 9.756303393451529749e-01
1.172419927192447364e-02 8.972752750239376685e-01
1.018981503132099231e-02 6.338483974642674657e-01
1.117155050547591344e-02 9.038187567361805064e-01
1.282669410029868562e-02 1.018009523898488533e+00
1.232925645337301646e-02 8.076312013514109767e-01
1.369130557128483971e-02 1.009530673812845558e+00
1.579530538393469907e-02 1.417595469773551331e+00
1.064055520207063399e-02 8.922378075776520312e-01
1.395547587052770044e-02 1.170165893899829168e+00
9.764515971791398741e-03 8.376871436876012211e-01
9.130178882200024049e-03 7.012898074121638459e-01
1.433732460374115281e-02 1.033865692112108992e+00
1.039774584674590940e-02 8.904887057436630116e-01
1.466561747087136158e-02 9.287161424624621464e-01
1.219994778080146780e-02 9.251028450546534554e-01
8.600607352663880434e-03 6.844391429513305702e-01
9.865313128527453124e-03 8.041452663139322388e-01
1.376717093224499866e-02 1.212996698552154751e+00
9.896704976589010272e-03 7.648807472806793406e-01
7.358811588008551396e-03 6.616256838936451778e-01
1.128624956177171068e-02 6.086171393575965372e-01
1.426309277103088302e-02 1.093127835164341866e+00
9.819778508402654538e-03 8.133578879205836110e-01
1.042816128638157647e-02 7.945399395681259636e-01
1.116538245520404260e-02 7.041109081699647998e-01
1.092908930636526943e-02 9.227712033910808742e-01
8.784224110545690856e-03 6.277731690203678383e-01
9.666011449998679339e-03 9.711755433472849530e-01
1.403934630309300324e-02 8.664260518362296715e-01
9.499979854116769040e-03 8.451412530647166577e-01
1.069698001898211626e-02 8.693359032799101715e-01
1.425151181322070748e-02 1.089322798653900914e+00
1.064588139560873614e-02 7.450471203097741579e-01
1.452677026994531051e-02 1.120239670066532245e+00
9.699731424748225805e-03 8.978210667777002385e-01
9.253722802559316563e-03 5.198068751913702545e-01
9.713240647527210392e-03 6.972467960232087147e-01
9.393203629493251938e-03 7.437538167688345636e-01
8.010346514373378746e-03 6.070690601930468500e-01
1.004152688965909146e-02 8.675732790764091318e-01
8.282156592265943473e-03 7.266480371324584020e-01
1.177837762561484425e-02 8.300039287334883831e-01
8.898407414187792241e-03 6.816086297777460556e-01
1.962101482338496350e-02 1.430241372550353107e+00
1.348955508866644948e-02 1.104002943147536220e+00
1.021939603893107229e-02 6.202418155743119055e-01
9.874828051927075911e-03 8.353326119452239018e-01
9.882916009370301680e-03 7.882133279598787512e-01
7.872900481111222426e-03 7.181117861615347042e-01
1.243876540842192568e-02 8.454879841031275323e-01
1.260623269783067713e-02 9.310636148434728865e-01
1.107766029650814055e-02 8.770567682407810484e-01
1.093579352458029508e-02 1.023992567599796288e+00
8.163745520744059014e-03 8.479186094464978840e-01
1.007347815480741371e-02 9.541349355160737566e-01
8.639519895399572214e-03 7.189028456351105323e-01
9.314331737319880844e-03 7.894835839927645260e-01
1.176960672787563666e-02 8.565087969872378082e-01
7.809204705586214601e-03 8.425686733127402128e-01
9.702513248786015509e-03 8.210761477545007736e-01
1.329375196229520828e-02 1.182519227102852621e+00
9.800031786470708717e-03 6.298826045809464702e-01
8.804648009497650918e-03 6.454077609691308837e-01
1.046784856493498950e-02 7.900612917394862489e-01
1.027678852379165786e-02 5.735937290695007906e-01
1.492921975722572014e-02 1.174385082054173690e+00
1.399612899822766376e-02 1.125580712263019922e+00
9.105833072313607168e-03 7.007668903576105279e-01
1.076875009065936251e-02 8.453059425256018722e-01
7.595866277781748721e-03 6.141506905092478652e-01
7.740629061042780812e-03 6.237034603351493400e-01
8.638112469330327947e-03 7.736082573125031558e-01
9.591495358693413742e-03 7.493877279553395887e-01
1.485605896779307322e-02 1.075638011754483703e+00
1.202661081020772738e-02 8.470956347937392827e-01
1.193861353053127239e-02 5.888817811737117047e-01
1.214720287618364924e-02 9.208197020951222056e-01
9.139661594643189169e-03 5.636802714883518695e-01
9.664130277818983039e-03 8.828794691561879793e-01
1.350828936057990592e-02 1.068367865363748059e+00
1.238236162233175008e-02 8.335903936271653603e-01
1.349094897981251151e-02 1.329880003489452900e+00
1.474341784040356096e-02 9.712667932581280361e-01
1.008071690734457793e-02 7.488084134053778484e-01
7.352556069742388623e-03 4.509705841798345993e-01
1.020903957939878204e-02 7.272298711706275398e-01
1.037961254700670022e-02 8.666174159837911617e-01
1.013873149570554411e-02 7.038753741268993780e-01
1.249645321735792791e-02 1.004649031041304763e+00
1.012183419738843515e-02 8.412914207878312567e-01
1.439102400620428934e-02 1.042917709969694240e+00
1.514308590245350139e-02 1.043977096664025384e+00
8.434306044620254461e-03 7.973956371729730153e-01
9.271485345116570187e-03 7.309222978235871970e-01
1.599831731629419718e-02 1.237285718082610231e+00
1.519941125890789113e-02 1.091629486798967985e+00
1.378100780185675944e-02 1.084529911378901534e+00
1.535297647916555874e-02 1.021006025739448653e+00
1.326160101183249118e-02 8.536246894673227281e-01
1.464622992442810023e-02 1.219736071054803972e+00
1.510900015792493445e-02 1.174642000815614651e+00
9.360867676913908753e-03 7.029535139560977308e-01
1.032138772154733708e-02 9.401708087006936942e-01
1.223175990304958827e-02 7.901982046472368904e-01
1.329018550048033376e-02 1.046307920991840890e+00
1.012038282306571002e-02 8.531563876697605409e-01
8.518218996002580035e-03 5.489026658852325102e-01
1.198092985808962840e-02 7.667286881830720491e-01
9.800211548209314394e-03 8.123616381374696438e-01
1.163588028298478960e-02 7.213418413204987223e-01
8.978953729659622240e-03 7.912223092981869321e-01
9.696044909196621653e-03 8.750589977453475665e-01
7.631888742400394499e-03 6.732098854077894767e-01
9.284299791261441115e-03 7.764887463254698252e-01
1.258669676835755258e-02 7.841346591241928898e-01
1.360080196684687603e-02 9.446436629078908132e-01
1.144808504371008784e-02 8.116740807340629971e-01
9.989995231940218545e-03 8.611167781818794831e-01
1.052616253743288155e-02 7.655049114809898692e-01
1.088804106997076637e-02 9.205898407969592689e-01
9.045950311475259298e-03 8.014565023609856453e-01
1.691538244726409346e-02 1.214954615354163936e+00
1.200497301640424119e-02 1.037317601454794236e+00
1.476760363054119285e-02 7.887494052702747060e-01
1.259565248741600918e-02 8.952650405219644281e-01
1.028637274893240416e-02 7.080385724272653114e-01
9.085628871480566637e-03 6.617187105924940971e-01
1.314983177044481977e-02 1.163474086398738283e+00
1.007579360141053204e-02 7.394886084620211353e-01
1.147708951593973126e-02 9.477126062211961299e-01
6.703985433240911007e-03 7.087990233697587517e-01
1.187782952190552521e-02 9.707639381804837875e-01
1.444383317430131264e-02 1.124583437117251616e+00
6.688798768184400778e-03 5.242497749621409797e-01
1.036079083753427277e-02 7.277791436630676181e-01
7.361509346383576791e-03 5.473875337595925927e-01
8.428953596351651534e-03 6.110670697791447115e-01
1.026285979658980718e-02 8.591856094562808632e-01
9.917321957314428893e-03 7.027298478812564753e-01
6.825599341310328860e-03 5.472266707150392762e-01
1.003065309733708332e-02 9.234530719724077796e-01
7.015477568007355558e-03 4.990837299009572292e-01
1.190297576291732273e-02 8.501883152786631204e-01
7.870476497411793559e-03 5.796686375274754388e-01
9.178784917841187330e-03 5.630597858666973599e-01
1.294287478556954696e-02 8.943771068922051759e-01
1.036276553808956891e-02 7.274867823968571567e-01
1.030496543217840344e-02 6.719981255424691824e-01
1.144897551171242256e-02 8.660911190778584068e-01
7.275762522906625840e-03 5.001322915695032290e-01
1.267766552342997066e-02 1.033217423297574600e+00
1.331328903752548865e-02 1.094682131937743552e+00
1.216994008222971324e-02 9.539562020542294851e-01
1.006597446412893504e-02 7.890730133644709987e-01
1.019094306785484072e-02 6.479121501477991263e-01
9.946194565400134913e-03 6.246025444691840622e-01
7.738044810002731033e-03 6.778022484588288599e-01
1.322989164194343648e-02 1.113201973777838028e+00
1.340275922060552016e-02 1.058066708793629962e+00
9.804288100141222984e-03 6.792420930475110419e-01
9.981733651623692083e-03 6.824289026898653354e-01
1.204540062878178830e-02 7.747018184762934911e-01
9.201701932497585723e-03 7.096417947053939024e-01
1.179259444518976352e-02 9.349526624807057429e-01
9.566148157213127945e-03 8.478919928238194403e-01
1.073473794397383774e-02 7.570945841526568465e-01
1.376880376113986948e-02 1.030108838074098365e+00
1.410469655260904176e-02 8.935841154428538768e-01
1.573861457058212121e-02 9.738865571453305670e-01
1.179865519058698187e-02 7.384118952794749280e-01
1.300063831183795315e-02 7.872177423928372608e-01
1.295402211096263745e-02 8.967845846967945622e-01
8.699228953200077719e-03 5.984811487718944001e-01
1.481950396127273972e-02 9.032152831735840159e-01
1.289968540175223666e-02 8.790581856032928521e-01
1.310861173515287526e-02 9.452801520577576166e-01
1.039312307704920446e-02 8.441742524215255505e-01
8.651227091290514259e-03 6.428309273966104076e-01
8.333316068851237546e-03 7.986321749564329053e-01
7.707209821961380491e-03 5.384312930977246392e-01
8.072676374294762702e-03 6.518232577144325024e-01
8.131355463637746084e-03 7.897141828442548750e-01
1.008350861314366576e-02 6.774509428282173840e-01
1.402731244452271042e-02 9.471318068034699778e-01
1.013232942221631294e-02 7.173691482509625406e-01
1.139902369626788481e-02 7.844721725540478863e-01
9.265949390580563438e-03 5.987633861285874826e-01
9.988719280336288975e-03 6.909401777830583846e-01
1.266307752074247173e-02 9.774927176333466639e-01
8.389094099874205845e-03 6.435034900549758685e-01
1.245697130627743121e-02 1.100912180364484794e+00
7.267136631051718254e-03 6.351735884084825923e-01
9.323441018823652726e-03 7.042128784992482959e-01
7.673203192539390649e-03 7.218486084010888870e-01
1.016447717511392845e-02 7.612187458450302424e-01
8.761697289520697929e-03 7.328456305366930490e-01
1.076095684209565917e-02 6.668399308159851380e-01
7.817718265478945661e-03 4.735200978537153493e-01
1.021043664862053557e-02 7.053058209156610747e-01
1.190257391302940171e-02 1.188502873188472586e+00
1.146937207813170101e-02 7.763374311980512088e-01
9.861989506018686846e-03 6.378199876096730669e-01
9.207189653742453572e-03 7.369736059828166930e-01
1.030574403518991211e-02 7.229991093480190312e-01
7.769756749354428393e-03 6.334917607692045483e-01
8.786968616327106574e-03 6.944757534062369064e-01
9.376922097068862705e-03 8.496025727292657592e-01
1.610185479537362685e-02 1.253030110487977078e+00
1.125452307879959424e-02 9.785074674423570595e-01
7.603102729300981188e-03 6.109911186321568266e-01
1.066079355365046055e-02 7.422508292575007438e-01
9.631132073417925099e-03 7.279637210467617692e-01
9.746911167546445931e-03 8.604129377772260501e-01
1.393558713305897978e-02 1.112719173507899173e+00
1.422680591531122474e-02 1.195198485585495574e+00
6.545048141719078671e-03 5.962973163527981457e-01
1.055425831636713774e-02 9.176467469997536819e-01
8.449032874128348247e-03 5.562253455009626979e-01
1.404358020840779098e-02 1.256349068309650319e+00
8.786060737832168677e-03 8.145235828173515991e-01
1.313935380461239699e-02 9.800150516950314472e-01
1.303770446974894526e-02 9.598609970151713577e-01
1.085835288714964708e-02 8.850519692073222089e-01
1.114408338986783154e-02 8.075459115005179100e-01
1.117980593414424906e-02 8.276457775747239065e-01
1.430514844094754601e-02 1.079558075245538484e+00
1.317253319433375758e-02 1.035101790650801323e+00
1.382060282447683530e-02 8.806344938028364266e-01
7.861567114963108338e-03 6.340000788680769661e-01
1.237964812455583097e-02 8.751965573875742921e-01
1.427729531606714009e-02 1.095931510133771214e+00
7.469340670543611616e-03 6.715478996508358334e-01
1.314965361807796107e-02 1.182640564885599987e+00
9.475071329311024471e-03 6.163701409888030502e-01
1.058985725946193224e-02 8.463814795855524320e-01
1.118615464608607724e-02 8.272529723618871067e-01
1.236392470629110729e-02 1.117261082766704661e+00
1.172730147015976776e-02 8.849930079569527930e-01
1.467085266095502494e-02 1.141078436961968423e+00
9.642959358439506801e-03 7.603715260030394774e-01
9.708297307432500745e-03 7.271254645851986664e-01
1.294243994015142896e-02 8.026457497736743107e-01
1.062671102925083488e-02 8.756001322052300306e-01
1.235115378493401028e-02 8.346746777726079536e-01
1.064277077488184897e-02 7.487837277757387611e-01
1.324731945196766514e-02 1.136832174099566384e+00
8.188321969279765966e-03 7.433903369632781644e-01
1.127948916456700257e-02 9.620097024927836138e-01
1.080656384394318437e-02 8.201624634973998518e-01
1.796973057555040221e-02 1.099831972830469073e+00
9.477335305997813819e-03 7.339504531577680790e-01
9.850245036318594494e-03 6.734908453408676721e-01
9.340681867272659922e-03 5.668669871127886006e-01
7.572553347172217286e-03 6.152002209454865422e-01
7.309008090027546700e-03 6.837565197817174756e-01
1.639063021587849889e-02 1.090254615217879586e+00
9.605988849820779052e-03 8.039902609855651416e-01
9.887973885622014514e-03 7.456965733180140887e-01
7.539918810993806453e-03 6.768299347175815717e-01
9.533974921757448762e-03 7.594410230038594056e-01
9.982973985313670084e-03 8.584009001875390066e-01
1.186865414434268295e-02 8.745599653615079294e-01
1.129541948497436721e-02 8.456743474420376216e-01
1.068190477522346082e-02 8.072025255120149900e-01
9.389147507578243790e-03 6.691453186122925390e-01
1.001781790248335025e-02 7.288934530177832993e-01
7.716099853585123292e-03 5.218056996403340753e-01
1.229578554142896074e-02 8.192740069403626757e-01
1.311005522696229164e-02 1.009947439435726402e+00
1.258638456159033581e-02 8.828575399859920347e-01
9.569564298092969601e-03 6.137104740693761773e-01
9.517094289387184602e-03 9.255108963769509423e-01
1.227147037582854150e-02 1.032211907994065925e+00
1.503905110302228287e-02 1.120542661339941404e+00
1.130706453472807294e-02 7.469914608381085230e-01
1.083540619858491816e-02 7.171662159834919503e-01
1.088648613550968758e-02 9.221434906645016305e-01
7.825502733522782250e-03 6.843796895780551726e-01
1.184381906596776446e-02 9.066966273007084354e-01
1.513574416695551150e-02 9.874952015660946048e-01
7.314098092274012863e-03 5.651358508175206019e-01
9.806561894612708663e-03 7.932693914362698440e-01
1.251566682668781016e-02 1.001710133704237560e+00
9.720943623027222813e-03 8.153325795991761549e-01
1.131074794180342291e-02 8.384630870563227756e-01
9.542762007456517814e-03 8.489663004699474769e-01
1.099135799338191166e-02 8.084924985589508895e-01
1.247696649235063848e-02 9.098758911044854125e-01
1.381224217818410871e-02 1.114949482028595007e+00
1.166904863374207402e-02 9.305776874640993013e-01
1.455500165315193328e-02 1.059405899174103993e+00
1.108824416045817163e-02 8.610278208727260019e-01
9.373141016475128318e-03 8.780673010195705341e-01
1.305064010446166378e-02 8.665046166191701094e-01
1.028875052702193926e-02 7.557878978727151642e-01
1.049668564507666435e-02 9.111160503555779666e-01
9.951868771977623318e-03 8.590153301059307855e-01
9.352208208481926910e-03 9.569662784634940245e-01
9.744142496779129026e-03 8.853364269792356467e-01
9.766772071246876408e-03 7.111721449098453718e-01
7.208929746771008951e-03 6.176689645574312548e-01
1.537866276422616973e-02 1.082842898639601925e+00
6.754150810618364531e-03 5.579540417315336231e-01
9.375860713537687019e-03 7.254942347154758053e-01
1.162020886051851054e-02 9.899787379366961071e-01
1.300840952885207180e-02 9.629773967986218208e-01
1.025966928284316459e-02 8.283595910576466714e-01
1.479221910726313816e-02 9.876084349591333078e-01
9.400318779645311373e-03 6.988626097894632405e-01
1.318473248957718891e-02 8.935103357384666101e-01
8.157594542931301262e-03 8.020904596469157211e-01
8.007300339547773760e-03 6.376670768919792120e-01
1.393461175452370693e-02 1.174448541922444189e+00
7.535701002899131140e-03 6.289202182107673789e-01
1.079201645298677459e-02 7.170894995203337396e-01
1.408473675098220745e-02 9.670667613485085523e-01
1.025557396399967569e-02 7.981177338040403857e-01
7.166786832597527024e-03 5.730474195475596666e-01
1.095737344208480568e-02 9.789080260248688159e-01
1.177946203373536616e-02 8.224308527874888419e-01
1.461016041022733525e-02 1.047075783814648053e+00
1.074929351314557469e-02 8.705544978211707807e-01
1.225443050261099120e-02 9.403974632831710867e-01
1.046265677905766633e-02 8.204617717296369683e-01
1.536549899976491496e-02 1.096196841174488901e+00
1.304252399523386785e-02 1.076021330369829165e+00
1.033615385602715264e-02 8.285365459882853001e-01
7.714403811716286086e-03 7.654138960026786176e-01
9.650363634758130083e-03 6.786191311292408823e-01
8.719949361225443063e-03 5.667396161334323779e-01
8.554457203495235973e-03 8.628991196870053892e-01
1.696105217343790716e-02 1.311044755331203238e+00
7.354323755164648979e-03 5.576046843342152837e-01
1.679257091496721976e-02 1.271216838540970784e+00
9.081048454204099230e-03 6.717565450736922017e-01
1.254254338152616111e-02 1.043693295396042720e+00
1.207304819561949571e-02 9.110271481172373953e-01
9.953066072355798433e-03 7.523125558510697086e-01
1.174495512356876770e-02 1.032256883766265565e+00
9.606751593132067946e-03 9.441802797367008226e-01
1.005692666020496784e-02 6.533687641268136614e-01
8.015107640337526540e-03 5.380512411571833908e-01
6.723059164150058109e-03 6.053663284586139337e-01
1.034183548523348595e-02 7.999827226436073691e-01
1.259220748920941713e-02 8.566649725195248921e-01
8.071204214609051242e-03 5.335406189127031018e-01
1.170526908300784097e-02 7.907092791680856436e-01
8.851404298276466243e-03 7.843047617487199918e-01
1.169125790504921270e-02 8.341219149508771746e-01
8.602023086739629676e-03 6.018832221618297673e-01
1.115378429782798442e-02 8.169989951573179976e-01
7.866442168534604207e-03 5.405669013367837561e-01
9.452955592746614677e-03 8.141866199085149303e-01
9.001529793113083322e-03 7.048766402113343377e-01
1.166269316666279643e-02 8.273303326606291641e-01
7.342269427664138703e-03 6.376381910701336420e-01
7.533962360198542818e-03 6.565594710674970136e-01
7.305704306506566326e-03 4.868619540810976698e-01
1.291959194399905364e-02 7.251486115485554773e-01
8.864496962568080285e-03 7.156840565921857023e-01
1.021434685805866494e-02 8.036468055110512765e-01
8.890236936993090033e-03 9.360230100006797782e-01
8.488704993402373944e-03 6.710597998816278942e-01
1.079696992593892624e-02 8.203213028095563963e-01
1.131596868906359354e-02 8.455058169839656523e-01
1.104191605266324760e-02 7.294764350520329677e-01
