# This is the data for the dw statistics for the following parameters: 
#  3072 points, q0f= -0.574, h0f= 0.678, zup= 0.1, zdown= 0.0
#  dw_up dw_down
9.678542799417607645e-01 8.270542168974924779e-01
9.665362847098095678e-01 8.766415630238070245e-01
9.193027402465148157e-01 8.660321105042956269e-01
9.571083378646805251e-01 7.871246896331790532e-01
9.747419891223572108e-01 8.346116924811853854e-01
9.837172827320932456e-01 8.129335477470952531e-01
9.562694208427134912e-01 8.538037692679342205e-01
9.245072246094104829e-01 8.724008595361945062e-01
9.044398618668824108e-01 8.720882172042744296e-01
9.073076213548724178e-01 8.818908073269658976e-01
9.328140216201654678e-01 8.779366003258861628e-01
9.733261598984573881e-01 8.202332438123997038e-01
9.868199338705513357e-01 7.102722768250291363e-01
9.737042380253059237e-01 7.157623097149837799e-01
9.781072179735925687e-01 8.081683899836514806e-01
9.644752704497538964e-01 8.535619529947200412e-01
9.603672710221118347e-01 8.642026111352405504e-01
9.253172910224082282e-01 8.485484585361339205e-01
9.121949352435353431e-01 8.792674754900487999e-01
9.048003882574386925e-01 8.619538864591853589e-01
9.239742929310218456e-01 8.867253254574102295e-01
9.312620401040974105e-01 8.808388707529052342e-01
9.598277873956543305e-01 8.689302377966376945e-01
9.714341740099364797e-01 7.119450806442820801e-01
9.822662056658790775e-01 6.879608354226743883e-01
9.929768330720019076e-01 6.764820842844212478e-01
9.625942937493510154e-01 7.213574887729603535e-01
9.767192675084558351e-01 7.404265674055694468e-01
9.639963103961215474e-01 8.194823758708859041e-01
9.480097899541608530e-01 9.197532807665544929e-01
9.372790127164305485e-01 9.019527351320244524e-01
9.169731682827774177e-01 9.172723379249337894e-01
9.151523866548143538e-01 8.808146664383302848e-01
9.260901532982357409e-01 8.650604241201651501e-01
9.077575636676540327e-01 8.896528584115758198e-01
9.222329093538208511e-01 8.746797299314760243e-01
9.305716479117909223e-01 8.923600076679123472e-01
9.355771115226790835e-01 8.435134193262368019e-01
9.432375106357387962e-01 7.384419980462294530e-01
9.805970761925807411e-01 6.840060520511994646e-01
9.872198442600806922e-01 6.843215778811200245e-01
9.883580394301406669e-01 6.936738406071386587e-01
9.836968110537648302e-01 7.254832420451922115e-01
9.691095483208612693e-01 7.094687509992504415e-01
9.852493630799915580e-01 7.160159634008722573e-01
9.566463363251543894e-01 9.097360633256151852e-01
9.482406114568634470e-01 9.050703996606869195e-01
9.212678863121845918e-01 8.535770863925490337e-01
8.812819624602137303e-01 8.667612954973727968e-01
8.921468537278032240e-01 9.079317661838675058e-01
8.841801518425702611e-01 9.307400766264924963e-01
8.971344904328996117e-01 8.801417527074621994e-01
9.133711691001500377e-01 8.713250236646022939e-01
9.118186454629887416e-01 8.946048121782846918e-01
9.231906006784056373e-01 8.830818700611754446e-01
9.276056935675118797e-01 8.850820244551407256e-01
9.130236468096387670e-01 9.465520281032725469e-01
9.333082807615903365e-01 8.660612804256637709e-01
9.694063696515250461e-01 7.083575816868971087e-01
1.005224444636808379e+00 6.935769177981222500e-01
9.768113428866309622e-01 6.925723034617816687e-01
9.852602447628288074e-01 6.768261059132042456e-01
9.710308599714509992e-01 6.867158963888658763e-01
9.762244725821629387e-01 7.536789209044792992e-01
9.610260418416062267e-01 7.079633238685016927e-01
9.834020439761108623e-01 7.943140048738642767e-01
9.621051266168767491e-01 8.937298052507915980e-01
9.561325253742456454e-01 9.031183448119090018e-01
9.219835857551063052e-01 1.037706558875193696e+00
8.346761402358250370e-01 9.164521919012018625e-01
8.228980612285015095e-01 9.613363516755762950e-01
8.747710224041285176e-01 9.211736939468218033e-01
9.018713117873066176e-01 9.092476143277045120e-01
9.154879857824651523e-01 8.961328064417389827e-01
9.130646614289891216e-01 8.575770442192119924e-01
9.156086879259133227e-01 8.840644345315452624e-01
9.070175205216259862e-01 8.809787117460484707e-01
9.285888715314655206e-01 8.733441124080845164e-01
9.223940586353269744e-01 9.011981067596147588e-01
9.150388295378822923e-01 9.525094353812015857e-01
9.281751537549868258e-01 8.469054303653561488e-01
9.693121569430223072e-01 7.261647541617451962e-01
9.840327976451316294e-01 7.136912603351340811e-01
9.885922799126024563e-01 7.010886256767896452e-01
9.951455668774025209e-01 6.631630785451994026e-01
9.724159588524616815e-01 6.900646160694622333e-01
9.426684136980668649e-01 7.297505271372080049e-01
9.594741331026055420e-01 7.475253451164111107e-01
9.844305781252397081e-01 7.581761664979698168e-01
9.299458802763798104e-01 8.328596052907880631e-01
9.205822324373595933e-01 8.504831508326621270e-01
9.283422737445224948e-01 9.108789846484456332e-01
9.102824637166810895e-01 9.504503946410279847e-01
9.217391463012988284e-01 9.668357640903050276e-01
8.723797635197914069e-01 9.260805959796715170e-01
8.275669458889904906e-01 9.495874698994966057e-01
8.383214948822435009e-01 9.862833785715714452e-01
8.436349757120017445e-01 9.976162141226375679e-01
8.939841005707809263e-01 9.442567313919275618e-01
9.069289145726108226e-01 9.491286428739883485e-01
9.253531295541976842e-01 9.155643724857756016e-01
9.261248507869068725e-01 8.884223251563242441e-01
8.945104820291990277e-01 8.726386329104048878e-01
9.044180095663907348e-01 8.649236917172412609e-01
9.296089266277719476e-01 8.742868040783624561e-01
9.188826224779255147e-01 8.799696275787970423e-01
9.229315042300676453e-01 9.719676261556894348e-01
9.084354670783563179e-01 9.531304445151217442e-01
9.968210815397245961e-01 7.195335070246701159e-01
9.997027461201346554e-01 6.948178860374709664e-01
1.008021742295963197e+00 6.911016023516065587e-01
1.010742098343546669e+00 6.885188915644999685e-01
1.010496603188650200e+00 6.508794491120182268e-01
9.850093275796247827e-01 6.977951184154735920e-01
9.795628027019779305e-01 7.283318090746555562e-01
9.619940699832763009e-01 7.306712636270840111e-01
9.690672056933182787e-01 7.461128469814727326e-01
9.734699896712595280e-01 8.047323933038077470e-01
9.029281194757958762e-01 8.614409952934385384e-01
9.083494000356273634e-01 8.531571510287396798e-01
8.906180309816043028e-01 8.950235187590214192e-01
9.196654609954654225e-01 9.459854836745760220e-01
9.106067486645885722e-01 9.677303240232177917e-01
8.560061576434867536e-01 1.052510580149088604e+00
8.588450166844801004e-01 9.078605323213287948e-01
8.134341993834537377e-01 1.030750763458005759e+00
8.545947040143919704e-01 1.027079262704055029e+00
8.490824235194363023e-01 1.019441674954333577e+00
8.894763463135550996e-01 1.110612932915998607e+00
9.268135024188105531e-01 1.049278740342508565e+00
9.255666599566085839e-01 1.058922777187550457e+00
9.549574972911082371e-01 1.015510445630243064e+00
9.275621130489613009e-01 9.197960636224170594e-01
9.014619337220366457e-01 8.726838977669011399e-01
9.121103398322066846e-01 8.486702516503661364e-01
9.320678824389475592e-01 8.714085488234750709e-01
9.263734783028422237e-01 8.885795645554943611e-01
9.386569060162259781e-01 9.650880518522374496e-01
9.326757651719370656e-01 9.922237465543070067e-01
9.971567694956645633e-01 7.474176121304768605e-01
9.933793376199323566e-01 7.454489924529390521e-01
1.032023054847010846e+00 6.794187758214035311e-01
1.026415786166722688e+00 6.779404354639073649e-01
1.021845764670961110e+00 6.680836423175535721e-01
1.039959454293195362e+00 6.470330972937140546e-01
9.823315536043060181e-01 7.174478757526121520e-01
9.816513564378229750e-01 6.970720688467830772e-01
9.851535245044921174e-01 7.221578394459838846e-01
9.337776298398988706e-01 7.696810005613877737e-01
9.571226669704882006e-01 7.697768786995855539e-01
9.732591650150552720e-01 8.273528543391427403e-01
8.808071661913211559e-01 8.823908710731210858e-01
8.374569896503590849e-01 9.297338155654101266e-01
8.552843110323781195e-01 9.100966466084303708e-01
8.616629715212971163e-01 9.778741573880258553e-01
9.050111660300645955e-01 9.433770476024428975e-01
8.751741793638954103e-01 9.996361383024798819e-01
8.504912029953904939e-01 9.327111481705701035e-01
8.269852133422171958e-01 9.609763752227709066e-01
8.398962438831376609e-01 1.048064722396903958e+00
8.727216975104759022e-01 1.118635813579878180e+00
8.562119759997471879e-01 1.127869798215851427e+00
8.678511385817656576e-01 1.108881064432386987e+00
9.119325886980812479e-01 1.072795737697943563e+00
9.283586834689016021e-01 1.061829038984077433e+00
9.352493050950226872e-01 1.046371353631303514e+00
9.341439567690882351e-01 1.033299644588894894e+00
9.466380818748547643e-01 1.018334018893122472e+00
9.123304530814199120e-01 8.876254853594627292e-01
9.263637330639309386e-01 8.277912372336003743e-01
9.414828516749361720e-01 8.861502310191325948e-01
9.284431710211223931e-01 9.022915499370918191e-01
9.358255575967342477e-01 9.701358056025126686e-01
9.376254405404398362e-01 9.950402725544243987e-01
9.859163825958939809e-01 7.533008672486108948e-01
1.054321007518904896e+00 7.202034921378090981e-01
1.019385202841412985e+00 7.133680341581684070e-01
1.023793759222833000e+00 7.021468198074702904e-01
1.029854585858254179e+00 6.797750842055844123e-01
1.028721840505523621e+00 6.759327454088056575e-01
9.555510265985074358e-01 7.371189535840156903e-01
9.369935540315496025e-01 7.373649781369582268e-01
9.598910852674200633e-01 7.216462342047728074e-01
9.516028230699308255e-01 7.189343488282605721e-01
9.767141299566504120e-01 7.504372458455533801e-01
9.480769817242341579e-01 7.766990208915096616e-01
9.510397928392702038e-01 8.352716728359802500e-01
9.136869150244874005e-01 8.565553272589213618e-01
8.675494315238796439e-01 8.663858935763435465e-01
8.377879730531401226e-01 9.325132673895637492e-01
8.520481560081221151e-01 9.001793446389074749e-01
8.386948641064998489e-01 9.845069908459577190e-01
8.583392819742087232e-01 9.843000111754395265e-01
8.835372133602115152e-01 9.878072553979668768e-01
8.554334938677250477e-01 1.029300225616880393e+00
8.465121801898700671e-01 9.498589448434241467e-01
8.340787409284496912e-01 1.041421493916156349e+00
8.475529739034689536e-01 1.149416597104925941e+00
8.499740372030315516e-01 1.145648967617095559e+00
8.630697580661967905e-01 1.189474766347618617e+00
8.585762127365837992e-01 1.187135828896320522e+00
8.751622396688424343e-01 1.190079188897637863e+00
9.156346040037263156e-01 1.111389202154227540e+00
9.280537860012804119e-01 1.129638778481171668e+00
9.388309106888536038e-01 1.095489476930210149e+00
9.348172021236254015e-01 1.016914815379400316e+00
9.339225653964143836e-01 1.016394140153151993e+00
8.895656676076604263e-01 8.988461956205578973e-01
9.329797140472552153e-01 8.360010479024636565e-01
9.366282794979173820e-01 9.025609093036943698e-01
9.214170972988457997e-01 8.993410922589603063e-01
9.147967295463108606e-01 9.663650363759263007e-01
9.409983871787918064e-01 9.930805074706740010e-01
9.524383580255835202e-01 9.678956510181718764e-01
1.033018065709233602e+00 7.551831909991401082e-01
1.023967476549512590e+00 7.488010721367335254e-01
1.049344986920308642e+00 6.845381350244121865e-01
1.033930678099045375e+00 7.030423426992512548e-01
1.021385622381072666e+00 6.676841935790618354e-01
9.876186399736369692e-01 6.875318500168017266e-01
9.504332563588615557e-01 7.794290363432502255e-01
9.412972016674215903e-01 7.497089537695438288e-01
9.502063050292958168e-01 7.263671495059396133e-01
9.499413217502298279e-01 7.187196445829105995e-01
9.659017131069711493e-01 7.434123263526593028e-01
9.437835689116506055e-01 7.773975970748632225e-01
9.366199623027839927e-01 8.326151280587191783e-01
9.253876423423886832e-01 8.396142999789305561e-01
8.937034290575646134e-01 8.648483755355736990e-01
8.599285388002274599e-01 8.987756583122583631e-01
8.282168416475388373e-01 9.119395931297692437e-01
8.538699238189887408e-01 8.799414586130041016e-01
8.404233732328061368e-01 9.687409740233662303e-01
8.431481380222537458e-01 9.765425094096467085e-01
8.355550362640709050e-01 1.009251095014983113e+00
8.238303808467415390e-01 1.054942767111834989e+00
8.587332356897616759e-01 9.438647736149740064e-01
8.358502987540031848e-01 9.839641360946385085e-01
8.477688208601965592e-01 1.133224697998701958e+00
8.582730702571690351e-01 1.133800916138104853e+00
8.540214138349595530e-01 1.189342834456398101e+00
8.504123892343726787e-01 1.194246613455501649e+00
8.660119568285146174e-01 1.164346620457232362e+00
8.846604364883391414e-01 1.145064410007553990e+00
8.963339009024818838e-01 1.152761001883114034e+00
8.953888705844694762e-01 1.129541113844362510e+00
9.344598904473160328e-01 1.093595391956777130e+00
9.423540826157308370e-01 1.082697259526361533e+00
9.430918241014475401e-01 1.054265313203119669e+00
9.372945926860193344e-01 1.012067615805623211e+00
9.154057928563862356e-01 9.882875846265205544e-01
9.367465708710551731e-01 8.875862211008834768e-01
9.371619615747802667e-01 8.614294617676714338e-01
9.294088179290924678e-01 8.964373729783480238e-01
9.480102599729189894e-01 9.649878437554462174e-01
9.636670704582132041e-01 9.915184209905153478e-01
9.694189792169000119e-01 9.661072423137730958e-01
1.043332964524977591e+00 7.487484936362933663e-01
1.022502072479398505e+00 7.833311919652765631e-01
1.045485203532838359e+00 7.222893226220684637e-01
1.066494402105389705e+00 6.863760781198425809e-01
1.052833816860338167e+00 6.978014028979315775e-01
9.913953414138076958e-01 7.139178883772470119e-01
9.856971731115447000e-01 7.273031203315709625e-01
9.589069741167866034e-01 7.839222452063997482e-01
9.778919675663665378e-01 7.970782114116754524e-01
9.857033636245755570e-01 7.347894723289354335e-01
9.589759674892032182e-01 7.450186228197556160e-01
9.734818552244515200e-01 7.549811440246174676e-01
9.655724537723915368e-01 7.581166430118305710e-01
9.297746636675026100e-01 8.466118764182445355e-01
9.919261234031848673e-01 8.356713694417078342e-01
9.122615371643275628e-01 8.619173426792728909e-01
8.957669467949954667e-01 8.529456694266799310e-01
8.468980207889635903e-01 9.121210479902863710e-01
8.202521754137281906e-01 9.267810416582381583e-01
8.411651364434132860e-01 9.066660411968627820e-01
8.515902360325662279e-01 8.870510839141327875e-01
8.321928009898901246e-01 9.779165818005797206e-01
8.170354768083962771e-01 1.028703076297535324e+00
8.339127980143498098e-01 9.988922388580540046e-01
8.173584838627483418e-01 1.044619804808030183e+00
8.687205509697979444e-01 9.758797237032557081e-01
8.471013982268220666e-01 1.104414592425563280e+00
8.297564294207859792e-01 1.172875379903522752e+00
8.403628985793969441e-01 1.213315181058652215e+00
8.398485257693732997e-01 1.202527835859924732e+00
8.644319139944512953e-01 1.145951582917024147e+00
8.668552851476449828e-01 1.144385802874703151e+00
8.650780638082344876e-01 1.143130230302947137e+00
8.642613448723546199e-01 1.159583488931195117e+00
8.940735997706490412e-01 1.121935030648538056e+00
9.037284963090219669e-01 1.111454960292542538e+00
9.320096725348938627e-01 1.065062842320569914e+00
9.270808584979380873e-01 1.062996301119455866e+00
9.323825278556218121e-01 1.051854934375761941e+00
9.162333760786270931e-01 1.046471070049818763e+00
9.131977155529931167e-01 1.007306101272251952e+00
9.298783509275229120e-01 8.829172737937163173e-01
9.346549618798720704e-01 8.633428752108117665e-01
9.490342555858787277e-01 8.975676237406398084e-01
9.437437560830974626e-01 9.549386195656914822e-01
9.672841454314434761e-01 9.918145009217983477e-01
9.703312474471169624e-01 9.592738467978260131e-01
1.024718883722793628e+00 8.215673109569736621e-01
1.036369531748062567e+00 8.289137029790792921e-01
1.020945691695450241e+00 7.966172444426329324e-01
1.036837626924369982e+00 7.558076119764776113e-01
1.021636553565773431e+00 7.523625021096994603e-01
1.023376704946123539e+00 7.675651808951309274e-01
9.928134174019059843e-01 7.662021392613487247e-01
9.419344505466360484e-01 7.860071348995399942e-01
9.820763799856609966e-01 7.928962176838609821e-01
9.817971385265236162e-01 7.955433900888486676e-01
9.768650204633608780e-01 7.642990292216971238e-01
9.492452361198965294e-01 7.494646898430070703e-01
1.027199540335810068e+00 7.616778371638639467e-01
1.005252208619895171e+00 7.567594263274680655e-01
9.931572019279696351e-01 7.673124245250372288e-01
1.016487145098138756e+00 7.962583470389057450e-01
1.004277086501274230e+00 8.108817762099967963e-01
9.689798436889225375e-01 8.256463489305591041e-01
9.428928502117561727e-01 8.770122509267348487e-01
9.217496933060925768e-01 9.088685228596142807e-01
8.167232354265199223e-01 9.052642318506637364e-01
8.485493226866864802e-01 8.958148142577274653e-01
8.487267912022885552e-01 9.038407369199581431e-01
8.324126667214960529e-01 9.922152600599756234e-01
8.177732269250244101e-01 1.011038478231911064e+00
8.089852451949943735e-01 1.050017961332921024e+00
8.418813671593335934e-01 1.065197037253819090e+00
8.671128098590461519e-01 9.688449758931657607e-01
8.241898817891694096e-01 1.100608887939332314e+00
8.288909007874010193e-01 1.180904987359807867e+00
7.973289642444615355e-01 1.237690843809422292e+00
8.339301798212196415e-01 1.213489668429250212e+00
8.476961185924047903e-01 1.219534428152157624e+00
8.527467339527101675e-01 1.181202120134551059e+00
8.455269092051921342e-01 1.159339567997859977e+00
8.435357072713636217e-01 1.135315205112351622e+00
8.566231986965996414e-01 1.151645609939130344e+00
8.569295098439045910e-01 1.154248806076726197e+00
8.866116095046966405e-01 1.107473471954817157e+00
8.859504710927261772e-01 1.104317404438317940e+00
9.005413337062402324e-01 1.069157863533330532e+00
9.307262443565363919e-01 1.052492311717196705e+00
9.102160545505580957e-01 1.070398239242870586e+00
9.066571916562776723e-01 1.070534727674123721e+00
9.085891980972319315e-01 9.855874192293359037e-01
9.421743513995873842e-01 9.666130824937473331e-01
9.392823042246619680e-01 8.622700432942221882e-01
9.361625546454482860e-01 9.466991333563188338e-01
9.515857442708114400e-01 9.450788070766549254e-01
9.480411209341448320e-01 9.839756416545979434e-01
9.836546648620011490e-01 9.640419193419598187e-01
1.022200712781109466e+00 8.877112737942226550e-01
1.027126835739207600e+00 8.378778950206484666e-01
9.991402724501309285e-01 8.210348890587058079e-01
1.000947385107233911e+00 7.844037847271209118e-01
9.986439517967770074e-01 7.563358932247031818e-01
9.984594233193021529e-01 7.582110612007715300e-01
9.743306610665736223e-01 7.500787026385834499e-01
9.794509838225075038e-01 7.739479945099890790e-01
9.688552538506046696e-01 8.356649299480840565e-01
9.901571709314035408e-01 8.600404346508527809e-01
9.885099231870966285e-01 8.587950355283376913e-01
9.823035565297690841e-01 7.944567984670819483e-01
1.007431819364276615e+00 8.135270818512205793e-01
9.829735533457484298e-01 7.881566900230707606e-01
9.755406140253531921e-01 8.065488850626759687e-01
9.891583146966053119e-01 7.794387308774968215e-01
9.927503749349825268e-01 8.005631870107827730e-01
1.003812552848616146e+00 8.116567870022527442e-01
9.672872789016008221e-01 8.563231468043954742e-01
9.378528292630519125e-01 8.825128181574638520e-01
9.360188229593836562e-01 8.784282190018456449e-01
9.732684386876554461e-01 8.889758215683605247e-01
8.888389736430318822e-01 9.218376042968631223e-01
8.473299294878903209e-01 9.041419430565915683e-01
8.550115919177054824e-01 8.927999669896464763e-01
8.350424510626798247e-01 9.989594381615669594e-01
8.546811547093601247e-01 1.020272472763656957e+00
8.061901826230974955e-01 1.045799420559185622e+00
7.699924603492575015e-01 1.060980085481140200e+00
8.400147137485540760e-01 1.076843113041611844e+00
8.625810297070108934e-01 1.100147496902875721e+00
8.218225509112553340e-01 1.150088688094724976e+00
7.978457146723204607e-01 1.197500932313396271e+00
8.025534694664222535e-01 1.227529130981601435e+00
8.275706752961257129e-01 1.213761481220340555e+00
8.290992755856327889e-01 1.217570241974729628e+00
8.180729900841692270e-01 1.192016843548106442e+00
8.200802090871954775e-01 1.192155533520131261e+00
8.311992608328064858e-01 1.169052079790954490e+00
8.382678224328495853e-01 1.158241703968460268e+00
8.377097486649958125e-01 1.156947219985879682e+00
8.415256545273500643e-01 1.155744876803289856e+00
8.639056456282335761e-01 1.100183156986844768e+00
9.123559118547894808e-01 1.050245625707856956e+00
9.047978496846149632e-01 1.067728005385383039e+00
9.399143270730100364e-01 1.037443713478913176e+00
9.029019496291119662e-01 1.055724828541062532e+00
8.755329800683661068e-01 1.071497441409243967e+00
9.152256410660546404e-01 1.031206366649957351e+00
9.366306378313481451e-01 9.808377462425995619e-01
9.632004784557359756e-01 8.771904415574229841e-01
9.529585306120811339e-01 9.239177633521131749e-01
9.600385283428393146e-01 9.382298757346867468e-01
9.356654398458006394e-01 1.023745871879550684e+00
9.772973995747462617e-01 9.754223723503673282e-01
1.019739949521002442e+00 9.003029455375297641e-01
1.029281566159654604e+00 8.031244311765671773e-01
9.962515188849209169e-01 8.273789006602598750e-01
9.982006821537307006e-01 7.940156669354603292e-01
9.774230829096514084e-01 7.681891455073208697e-01
1.006501559139473256e+00 7.483404024405073685e-01
9.854180053077904455e-01 7.539883478591552501e-01
9.843325348814389031e-01 7.578077340055677791e-01
9.521751688921210599e-01 8.164771761267354266e-01
9.563258080793015647e-01 8.377599491993513725e-01
9.752719435604956244e-01 8.460856032289614248e-01
9.701356100995329745e-01 8.501642983893981098e-01
9.971869532864366947e-01 8.551685372326514045e-01
9.983544284301953953e-01 8.165163324808903944e-01
1.011331676535657698e+00 8.103456587228714536e-01
9.667856874181691706e-01 7.908536595055229990e-01
9.743611974270224296e-01 8.090843557189485447e-01
9.931938145909963156e-01 8.128243895092872595e-01
9.916061624144238973e-01 8.367373788150053171e-01
9.985781476841604221e-01 8.456536056790171507e-01
9.863196195977954606e-01 9.076229500723620447e-01
9.430607191154848357e-01 8.950387422111272251e-01
9.379460101676478923e-01 8.713611431105374727e-01
9.747333782058602569e-01 8.926618837776603144e-01
9.805230519370240483e-01 8.760542772023414138e-01
9.129639016566986065e-01 9.236953072746175719e-01
9.059503375937980607e-01 9.324908536809328741e-01
8.668027987623103670e-01 9.367380429285299126e-01
8.404461839802968015e-01 1.030320188568215389e+00
7.799002869877051936e-01 1.063602498688416276e+00
7.693467985023263456e-01 1.075388291373684746e+00
8.008036565108207494e-01 1.097046140493535438e+00
8.586994144648542049e-01 1.075273927305320010e+00
8.325848237571891186e-01 1.162020199935098752e+00
8.204795635982400359e-01 1.165058839211850605e+00
7.867651811283752350e-01 1.211895873702921955e+00
7.989686382386594898e-01 1.216937137128521584e+00
8.280886941348846175e-01 1.199453969282637811e+00
7.993035733896072248e-01 1.213650259087484251e+00
8.067696555558827587e-01 1.189796158592026254e+00
8.086121774640209203e-01 1.187531085106267703e+00
7.963798302032307763e-01 1.198345075997157894e+00
8.154998586020013596e-01 1.164426727750172308e+00
8.338712467222795244e-01 1.168614866977122357e+00
8.573635943862836228e-01 1.127988970335335850e+00
8.981335033311842464e-01 1.081502542833376657e+00
9.067242798099619527e-01 1.061654118352881149e+00
9.221974047916770001e-01 1.045862663581988317e+00
9.259928286199033964e-01 1.035126464447697847e+00
9.291830645409305811e-01 1.027695415904650966e+00
9.039136276949262250e-01 1.051078128254300692e+00
8.796588424749675061e-01 1.065695862427644247e+00
9.284437088114591008e-01 1.014471199798807177e+00
9.167470676709128519e-01 9.814908434419516992e-01
9.743518118061125222e-01 8.755019575268482290e-01
9.516504318564666942e-01 9.226025859474241697e-01
9.541711834879654797e-01 9.446341085987474129e-01
9.428376463073040448e-01 9.821565576116174645e-01
9.696915071649696571e-01 9.713280937358439449e-01
1.017865903313956322e+00 9.551925778246450616e-01
1.018348604425388881e+00 8.564977081259779190e-01
1.020536707511478181e+00 8.094006654754896113e-01
9.956500957210530078e-01 8.118690440187418256e-01
9.710180326096448100e-01 7.948834935262736323e-01
1.011564339041437721e+00 7.426679504386021202e-01
1.007077402493471219e+00 7.463044195982411200e-01
1.007337822863247911e+00 7.556923457584071580e-01
9.972963383912346602e-01 7.585023067650906725e-01
9.743367974453535085e-01 8.258403712867492530e-01
9.702776229841504341e-01 8.304119958437065074e-01
9.735101888487965871e-01 8.605372043800812998e-01
1.015776707372701093e+00 8.389800752307007281e-01
1.008051527327227470e+00 8.611644817742402092e-01
1.010255327721826468e+00 8.437807843996323331e-01
9.926043513248838934e-01 8.026612971126584339e-01
9.810890155748562824e-01 8.357373363706972480e-01
9.851355998326992713e-01 8.413009034240770401e-01
9.889316572607357303e-01 8.461291314449892464e-01
1.006679496253370498e+00 8.221505870728309517e-01
9.997360052077823855e-01 8.344533753627745298e-01
1.001536248867968215e+00 8.795330250081569989e-01
9.473587281939335192e-01 9.524760675125319986e-01
9.460924370122339999e-01 9.415754364004412791e-01
9.087424004420435741e-01 9.391184960178363683e-01
9.758314844139055477e-01 9.432527574921460989e-01
9.812900831061852625e-01 8.987312657327137799e-01
9.646933191410071995e-01 9.431365136909390934e-01
9.396178508407908581e-01 9.619005704929652900e-01
9.411837619937287736e-01 9.509018919500330513e-01
8.220478195699325585e-01 1.049579930488885315e+00
7.732516788068201086e-01 1.081975008196358612e+00
7.610203955629892825e-01 1.076793879058257408e+00
7.737562660547394611e-01 1.115545503636382163e+00
8.236173303819076530e-01 1.196200209485047239e+00
8.576778535157034700e-01 1.144920786260660739e+00
8.316685237191613345e-01 1.157328953274782579e+00
8.010002022270024113e-01 1.223489077727587748e+00
7.825046801877879599e-01 1.206725647543996249e+00
7.778762333601835222e-01 1.203803363124080317e+00
7.940664620380756267e-01 1.203541546918444727e+00
8.021128633092164950e-01 1.209581486823986696e+00
8.101981258563258903e-01 1.184438593169083065e+00
7.879553686640630161e-01 1.186490721791895409e+00
8.108770633610011824e-01 1.196372461592917880e+00
8.122517614262224628e-01 1.168976942113584050e+00
8.228865439900245882e-01 1.164750131297247249e+00
8.580065337575522033e-01 1.147833359058067160e+00
8.585681625873200495e-01 1.116644278147867597e+00
8.899206427209097603e-01 1.064432787156004423e+00
9.288041086516926059e-01 1.020537382725202225e+00
9.251850757666707503e-01 1.039573866096205279e+00
9.268589007402638913e-01 1.034120094302552584e+00
9.353376154035296652e-01 1.034089192497890330e+00
9.027436719372788909e-01 1.046449576735346776e+00
9.013123574980240749e-01 1.036616473699111474e+00
9.323958788671569131e-01 1.030126065406714586e+00
9.450910203254112574e-01 9.982994812506620352e-01
9.642586232798484591e-01 9.598226245705758775e-01
9.627815370038129705e-01 9.173729039110767314e-01
9.588105242992857047e-01 9.562686789373933127e-01
9.529306979726699378e-01 9.859948260049112845e-01
9.792015873211098453e-01 9.547101057340626751e-01
1.021742824104155511e+00 9.296010683633753047e-01
1.015673360131650549e+00 8.733747121230807098e-01
1.015201180917095547e+00 8.185189291393185629e-01
9.882837559962145413e-01 8.210621430426630063e-01
9.882806999382527380e-01 7.989661601533835089e-01
9.873368923220396942e-01 7.625756754427350792e-01
1.018725080638192226e+00 7.528260484769531136e-01
1.007529599448548030e+00 7.536447530522625282e-01
1.014580733557034486e+00 7.743610311276113434e-01
1.018485148498309067e+00 7.859569120580828239e-01
9.860642883365021705e-01 8.359707664711015784e-01
9.595168602144740211e-01 8.420765502363124488e-01
9.868907876328409934e-01 8.596408962436735690e-01
1.002690569059899284e+00 8.458318526177807106e-01
9.971291778635138492e-01 8.421087211326666599e-01
9.971177892275746579e-01 8.530937898524280083e-01
1.001356772669254491e+00 8.872048527138931551e-01
9.963631871813357632e-01 8.323840674224379788e-01
9.959988632659547703e-01 8.434507151171921624e-01
9.867242581411179714e-01 8.575240676701594289e-01
1.000682947776416754e+00 8.395794640295414224e-01
1.003790465608958238e+00 8.330120218056261683e-01
1.003795323487293834e+00 8.451320759936319371e-01
9.992020195509379032e-01 8.935826443103158656e-01
9.284635236415186288e-01 9.315272574099850988e-01
9.259070728112280824e-01 9.567853410262848746e-01
9.190515950986218874e-01 9.580838982187138697e-01
9.952673362516342159e-01 9.161832201414967791e-01
9.425405927659933347e-01 9.087614507570831446e-01
9.857830719723175150e-01 9.556933281353221510e-01
9.804441956404792435e-01 9.852877625649795190e-01
9.017395748897447660e-01 1.058798414269091159e+00
7.680714417782734671e-01 1.084478429469040828e+00
7.809443032761166359e-01 1.095679682214497408e+00
7.604173025793677931e-01 1.073773239925528866e+00
8.215811740266092400e-01 1.190290682957191981e+00
8.172182907883255298e-01 1.256219014340351103e+00
8.310540661378391647e-01 1.143522398054046096e+00
8.096694035395715083e-01 1.187017511463695163e+00
7.898401779162242953e-01 1.220712211377768419e+00
7.741607722721961515e-01 1.209334166679366218e+00
7.759008699663255682e-01 1.195327305434566778e+00
8.014219811345560940e-01 1.188522841953286502e+00
8.035758405237218849e-01 1.182643029869165918e+00
8.059123236290549608e-01 1.179499941497191173e+00
8.097830085943944489e-01 1.174781157492334138e+00
8.146645883602287030e-01 1.164713934249141714e+00
8.158895373050665256e-01 1.157164330073697345e+00
8.341790242975976044e-01 1.176232810150679375e+00
8.565220280624025184e-01 1.144845733390029485e+00
8.596008311550767944e-01 1.134465405565812990e+00
8.949250301670244045e-01 1.051645533552669765e+00
9.284176474449007399e-01 1.024818353282071159e+00
9.263575200351433780e-01 1.035332433470250946e+00
9.236120076871824347e-01 1.046209440510266431e+00
9.062327787298637416e-01 1.031640685201464347e+00
9.118478703606726077e-01 1.033172744646303487e+00
9.305818630301632144e-01 1.012153248734142919e+00
9.472079639668914419e-01 1.016181534655044238e+00
9.560363611356648139e-01 1.010609501608963567e+00
9.708976583880578604e-01 1.072777099021793079e+00
9.478359797415121246e-01 9.733600168655490714e-01
9.658535795494996856e-01 9.629407157803416828e-01
9.799455427555516795e-01 9.378815662477373305e-01
1.026703950031165880e+00 9.155862993989876131e-01
1.030536884142455589e+00 8.714662131927972677e-01
9.932940258530316147e-01 8.701892607646173339e-01
1.004996191295768559e+00 8.102432376817456650e-01
9.654247264780582150e-01 8.195712428527542892e-01
9.710809652343740384e-01 7.918571017030817671e-01
1.019082496299039686e+00 7.536683400347253814e-01
1.031218627036212698e+00 7.842565415315557731e-01
1.028509957399186270e+00 7.820697825998473851e-01
1.020079824487760467e+00 7.688911911238541785e-01
9.634788452215110599e-01 8.342401987121380591e-01
9.749862438672396436e-01 8.358288849800201703e-01
9.819251277254530397e-01 8.435837552530963679e-01
9.981877262910801019e-01 8.357234079716454600e-01
9.890214732765236771e-01 8.684297801813248840e-01
9.968764808882514261e-01 8.613332562047421037e-01
9.965885441635662367e-01 8.784992891717038344e-01
1.028139381614953773e+00 8.177260253608786833e-01
9.891067585629836900e-01 8.387671107381606816e-01
1.012827542052001206e+00 8.533916953094802249e-01
1.005292169128398472e+00 8.366179238870702362e-01
9.979360863625816869e-01 8.477033795048274367e-01
9.875780336568629192e-01 8.872426940193464118e-01
9.479619225371253011e-01 9.614227971373684456e-01
9.477828018652815212e-01 9.318020615822818487e-01
9.205087483840188600e-01 9.639805654282038727e-01
9.626138480860747526e-01 9.778051771745929210e-01
9.960690120311895823e-01 9.322632414568716719e-01
9.651275306140997268e-01 9.192416815542382436e-01
9.573214867645167825e-01 9.557837578578393112e-01
9.731069165318432246e-01 9.805370872760251766e-01
8.880858578682566673e-01 1.086072295144497657e+00
7.746486130298433359e-01 1.095423262239012319e+00
7.818072880445890993e-01 1.054595709413270077e+00
7.837306950839361130e-01 1.118908711857085292e+00
8.118011695786025994e-01 1.243906764843135448e+00
8.653685335941417867e-01 1.120869051070193301e+00
8.202098637773437284e-01 1.160617432169078311e+00
7.772713093617712454e-01 1.213336476748251513e+00
7.803811699710557770e-01 1.226174829606171413e+00
7.825377695555016944e-01 1.198405311948114393e+00
7.726302281788569593e-01 1.192619267914923675e+00
7.825833395063273024e-01 1.177500435985556093e+00
8.064620900406583859e-01 1.177568748747110039e+00
8.146645883602287030e-01 1.164713934249141714e+00
8.129437178006272413e-01 1.160301528365201396e+00
8.129437178006272413e-01 1.160301528365201396e+00
8.158895373050665256e-01 1.157164330073697345e+00
8.305022683334987166e-01 1.166450544498826902e+00
8.456102635894663377e-01 1.145611932798135335e+00
8.619783468763272394e-01 1.141538856628212306e+00
8.960995401848779185e-01 1.049809904408228522e+00
9.243227320726737917e-01 1.042108582782595994e+00
9.221670182428831630e-01 1.043139930370861723e+00
9.006732062008954154e-01 1.045596521584411631e+00
9.150047289536999973e-01 1.042510189124707054e+00
9.168795094250802302e-01 1.048129117522030862e+00
9.839751549908768435e-01 1.007282050230149828e+00
9.772917879767190064e-01 1.010841635814372141e+00
9.691936747644205319e-01 1.021955539680963421e+00
9.685576583668451534e-01 1.030676135645029579e+00
9.613115879544852360e-01 9.373085337803438444e-01
1.010348171152563923e+00 9.282093401579237790e-01
9.895870476304519103e-01 9.172265404113366660e-01
9.997702791745041173e-01 9.182901128265521518e-01
1.005672932123561125e+00 8.811848932881017893e-01
1.018227635644070039e+00 8.135907863551973263e-01
9.603615988269268433e-01 8.282336954936978524e-01
9.687352067398530275e-01 7.954806018510659493e-01
1.031743114645080839e+00 7.981262816455425568e-01
1.039384698501901072e+00 7.826190433944568703e-01
1.031114784687923613e+00 7.712719484222732014e-01
1.023443502149174122e+00 7.681637170300221751e-01
9.455736730602788409e-01 8.318191244236537996e-01
9.487759716326483739e-01 8.294488472307046667e-01
1.001871315053003642e+00 8.294247787509182457e-01
1.029326641472530834e+00 7.823733025693490051e-01
1.027506969325045816e+00 7.639037778832664660e-01
1.047934916512628600e+00 7.974789714432113374e-01
1.079292283207914149e+00 7.903982868023583519e-01
1.012142274026722522e+00 8.487612099729929804e-01
1.018257578862524770e+00 8.302316398583137191e-01
1.031212152998336906e+00 8.102861254184804407e-01
1.022721742793041066e+00 8.381613285818083625e-01
1.022174794832089395e+00 8.401503798642713239e-01
1.027016021165154669e+00 7.915918826890893101e-01
1.004052045932016357e+00 8.446004217356619659e-01
9.654611310657805756e-01 9.253093515546099157e-01
9.502067215783026599e-01 9.317312536530893974e-01
9.297328117979506423e-01 9.348147055343976053e-01
9.066008638240877771e-01 9.570906954549447399e-01
9.675919104072338017e-01 9.729921062139283983e-01
1.012049837272492425e+00 9.550502129321293276e-01
9.671515273122982537e-01 9.423471763787549804e-01
9.614291599228337315e-01 9.892160091517977483e-01
9.464148204628012317e-01 1.025371322423842102e+00
8.636757607104942336e-01 1.119505770009933565e+00
7.761198625184161370e-01 1.077523430273772842e+00
7.883279704942071087e-01 1.066441471900191340e+00
8.102849249559666012e-01 1.229031494685010495e+00
8.178024219940859263e-01 1.229829452431017600e+00
8.309215990552024644e-01 1.136023764826794347e+00
7.826394153303746215e-01 1.192496112361286276e+00
7.786543455542435099e-01 1.205753430525921210e+00
7.832560699851538466e-01 1.225690463414057074e+00
7.877912046185736594e-01 1.183379432055277958e+00
7.879170582529344546e-01 1.176427549771168701e+00
8.123537606938979749e-01 1.162840442273755492e+00
8.129437178006272413e-01 1.160301528365201396e+00
8.129437178006272413e-01 1.160301528365201396e+00
8.129437178006272413e-01 1.160301528365201396e+00
8.129437178006272413e-01 1.160301528365201396e+00
8.158895373050665256e-01 1.157164330073697345e+00
8.293753271910373481e-01 1.167322757294276370e+00
8.368328799962692077e-01 1.159627665127908491e+00
9.008977474867467805e-01 1.083333684048889411e+00
9.279005172041180360e-01 1.020828445052092137e+00
9.278924600696188962e-01 1.048783262482668732e+00
9.221942970550778274e-01 1.046791972566095685e+00
8.879469174921009733e-01 1.067248582549742864e+00
9.215908531219744182e-01 1.045352434902827143e+00
9.381774307134120860e-01 1.030953469332749117e+00
9.939141343532453821e-01 9.937177328805198995e-01
9.479265598179108521e-01 1.048222342157097087e+00
9.582088857981525543e-01 1.030658700874588218e+00
9.817408841881327675e-01 9.378698004216180495e-01
9.800186223192349777e-01 9.361875604440811349e-01
9.492086570334946627e-01 9.162602184117328852e-01
1.014588258542918231e+00 9.074606688155293366e-01
9.954772296978983137e-01 8.778052598881430635e-01
9.807269080142702045e-01 8.727276102704242255e-01
9.460950765161461051e-01 8.282399035709065993e-01
9.642877260962535724e-01 8.018358870985763387e-01
1.005130482859611707e+00 8.097112399860181275e-01
1.014293842258970457e+00 7.907831302363209636e-01
1.018479739129156236e+00 7.734938758520411017e-01
1.016074159278351763e+00 7.575864469861839368e-01
1.013029189153682896e+00 7.782283020287922293e-01
9.805972185369740135e-01 7.844401140667141004e-01
1.023825854127928592e+00 7.800888255333394694e-01
1.025512213539604423e+00 7.862353319255240836e-01
1.014989876039273264e+00 8.150670953053104073e-01
1.053029582862217595e+00 8.021345504233854395e-01
1.046956854227038214e+00 8.237349688419307592e-01
1.045424896164414363e+00 8.099972089130750286e-01
1.053876201241825905e+00 7.844056128611427425e-01
1.015417456583850964e+00 7.991450154553372265e-01
1.031824251557600824e+00 8.391772874352459999e-01
1.018065872176279418e+00 8.412951435712696657e-01
9.972046737837172437e-01 7.915835840607282625e-01
9.749895942859345688e-01 8.803044978045788671e-01
9.772652528568070984e-01 9.096757877539737303e-01
9.382722999896905280e-01 9.078128809875449790e-01
9.158472433195136153e-01 9.488423287655999294e-01
9.588371603230649853e-01 9.734991910194176201e-01
9.941433434060650276e-01 9.530348861445985253e-01
9.714151815803269141e-01 1.023713472574288685e+00
9.584415344298528039e-01 1.004025865963169117e+00
9.314411153609428728e-01 1.049357567927303059e+00
9.005380197065393499e-01 1.129734267302269224e+00
8.633024162459181916e-01 1.121728424675530356e+00
7.789460450055496477e-01 1.064673810515744501e+00
8.136182470209214479e-01 1.238519948318316688e+00
8.338256718217593733e-01 1.223839037643372540e+00
8.330569271402346043e-01 1.152285812645954310e+00
7.918366715859767035e-01 1.152683957704908613e+00
7.667848268882961893e-01 1.203045592179510903e+00
7.830179524888375431e-01 1.203714448911946899e+00
7.755331691199826016e-01 1.203864135025377369e+00
7.697271580566595883e-01 1.187883275949306094e+00
8.079007499522155022e-01 1.149040915729002688e+00
8.129437178006272413e-01 1.160301528365201396e+00
8.129437178006272413e-01 1.160301528365201396e+00
8.129437178006272413e-01 1.160301528365201396e+00
8.129437178006272413e-01 1.160301528365201396e+00
8.129437178006272413e-01 1.160301528365201396e+00
8.289012373155993929e-01 1.159652863193826766e+00
8.309770963937085364e-01 1.158866964469675853e+00
8.413285053295144200e-01 1.153476901156463619e+00
8.954676391609681652e-01 1.076494928440070664e+00
9.268385064603382739e-01 1.038027001212750822e+00
9.230184807566343963e-01 1.055045362861452007e+00
8.935945584673773423e-01 1.066266918068662362e+00
8.935637246797362154e-01 1.059462963688650339e+00
9.283531084609304429e-01 1.027867467954688641e+00
9.712435725374654050e-01 1.008388205021662154e+00
9.578117340641991717e-01 1.004684463668238381e+00
9.788909824934830528e-01 9.625989651634156985e-01
9.834985347729844340e-01 1.017934878251921527e+00
9.740780643041268005e-01 9.293820580806351206e-01
9.758083020151702147e-01 9.104601297992219733e-01
9.869068699642841169e-01 8.937382208488189317e-01
1.006904117485514449e+00 8.507357591625241966e-01
9.823694344919426946e-01 8.896384954330992523e-01
9.620292296395271947e-01 8.135943722698060210e-01
9.624993977438202064e-01 8.148156500706397187e-01
9.740800401499428718e-01 8.133183706604737440e-01
1.006109588848406178e+00 7.867139485982086455e-01
1.060620837618747148e+00 7.673213372166273194e-01
1.071977516724329504e+00 7.507516283158702786e-01
1.012350614989142805e+00 7.703407528912562530e-01
9.876954999381848399e-01 7.800664370420220539e-01
1.030921765584368544e+00 7.652271911697019480e-01
1.051397227201981366e+00 7.695090181498727144e-01
1.057640882063771270e+00 7.979033490696197939e-01
1.057319277128706769e+00 7.834170631719352684e-01
1.084599547401845054e+00 7.779057254484419426e-01
1.049040957153421161e+00 8.130598386558058888e-01
1.037427783041609208e+00 8.278241738319068732e-01
1.039882190588863109e+00 8.134204182925575122e-01
1.042269002610521689e+00 7.998639232082755957e-01
1.070625337839451463e+00 7.819888060750274095e-01
1.023595941598733017e+00 8.449298106408670295e-01
1.005122313046984406e+00 8.044038001841050667e-01
9.990586522819085991e-01 8.438461908442667081e-01
9.623840769786141669e-01 8.937330509292082947e-01
9.645237447435245359e-01 8.702877920455708294e-01
9.521350966348698375e-01 8.842689929021922968e-01
9.105024749808351414e-01 9.434244736282738630e-01
9.870870971686535045e-01 9.900224000021228266e-01
9.848381112960223893e-01 9.940540537659057208e-01
9.659653409794941581e-01 9.871338471816063498e-01
9.415528546819897926e-01 1.014886443476911815e+00
9.420529841584933672e-01 1.038087464807117888e+00
8.870055686088268443e-01 1.147069277476180815e+00
8.650491733228703461e-01 1.097228813389123259e+00
8.039063228367011593e-01 1.151311878405168576e+00
8.320572771046942373e-01 1.211636634390140799e+00
8.334117218340526545e-01 1.237346032750062497e+00
7.972669866261603566e-01 1.135973138300266694e+00
7.891801878990941654e-01 1.174130094431661275e+00
7.685856689327592584e-01 1.209422132273816786e+00
7.818305984607629711e-01 1.198880441676102748e+00
7.999507210793161960e-01 1.185013579927231220e+00
7.840664922100248901e-01 1.180500501746611919e+00
8.122745167423349733e-01 1.134077257169864072e+00
8.129437178006272413e-01 1.160301528365201396e+00
8.129437178006272413e-01 1.160301528365201396e+00
8.129437178006272413e-01 1.160301528365201396e+00
8.129437178006272413e-01 1.160301528365201396e+00
8.158303707360426982e-01 1.152350106816815600e+00
8.305426500194785788e-01 1.151492927117099940e+00
8.362269201665641916e-01 1.157881378430034802e+00
8.502273680607932427e-01 1.145224476367733057e+00
8.943827908450399100e-01 1.093501936755851167e+00
9.263277254800902361e-01 1.050905354083853771e+00
9.254604302333675481e-01 1.055490996470594967e+00
8.921534414630371002e-01 1.051676390033792430e+00
9.033474092471097672e-01 1.040182493023575239e+00
9.502916097981255472e-01 1.026899900598968962e+00
9.509821543873371308e-01 1.027764536257660621e+00
9.772459250742135950e-01 9.538936148777008572e-01
9.854177026300721121e-01 1.012583478521516867e+00
9.724961453804151779e-01 1.002270582956933165e+00
9.600642378160095802e-01 9.149292295254473073e-01
9.610250837223442977e-01 8.954794000369918905e-01
9.824542615736607809e-01 9.112102094071331537e-01
1.011654062602249882e+00 8.498378256396309505e-01
9.604859264456663270e-01 8.677993225951392553e-01
9.810373734192858741e-01 8.109462498577719725e-01
9.891037160079215740e-01 8.311078846890989080e-01
1.031869572462431162e+00 7.888000222331708056e-01
1.070264080375961546e+00 7.691984468369977845e-01
1.067507788264550506e+00 7.691990267134575232e-01
1.052014399397630973e+00 7.574617326809897078e-01
1.017883370688083877e+00 7.892121872138166960e-01
1.067077568517043940e+00 7.643387666461535224e-01
1.073273916925936655e+00 7.591249987061186033e-01
1.048323992135348437e+00 7.906117862731615320e-01
1.048588842072828431e+00 7.875880505190557823e-01
1.085737452222245603e+00 7.956961234950036266e-01
1.094692262737495092e+00 7.989130420013770273e-01
1.076359243174550340e+00 8.063327807111078105e-01
1.058048290643677003e+00 8.065654444000731615e-01
1.064692306976575686e+00 7.924856699889162304e-01
1.055612315477817198e+00 7.783123558165833122e-01
1.027334314114018987e+00 8.381090662856505169e-01
9.783512325521623865e-01 8.247659885317674133e-01
9.588069488848357524e-01 8.685786153562158329e-01
9.490506351831230480e-01 8.729973707210906264e-01
9.477702264826548539e-01 8.927486239910842336e-01
9.246971873017274524e-01 9.238556023528496919e-01
9.313840343331621918e-01 9.819438664704684960e-01
9.619363075292356458e-01 1.043616898521932956e+00
9.574116993569666834e-01 1.025766052040785636e+00
9.432353077805126773e-01 1.011075176329156555e+00
9.334642531168557689e-01 1.067458681449888536e+00
8.954377522275134282e-01 1.144022341598013526e+00
8.879690732963964050e-01 1.120054788505632448e+00
8.288613264750782639e-01 1.086792695545868881e+00
8.251918302068114164e-01 1.220682642569063336e+00
8.308339656323124878e-01 1.207762381408916230e+00
8.118623607131091324e-01 1.144184530263948840e+00
7.799183564490722587e-01 1.135685621900301312e+00
7.702686235575311180e-01 1.185735567723474659e+00
7.974429457163371149e-01 1.180562948478808716e+00
7.960561435325537172e-01 1.194594305625092057e+00
7.975275603305544969e-01 1.183302446848464973e+00
7.958790592917105444e-01 1.149152303793597785e+00
8.156315911646502270e-01 1.148560645633387223e+00
8.129437178006272413e-01 1.160301528365201396e+00
8.129437178006272413e-01 1.160301528365201396e+00
8.129437178006272413e-01 1.160301528365201396e+00
8.129437178006272413e-01 1.160301528365201396e+00
8.172983978838466168e-01 1.135944181678932408e+00
8.347644081406038197e-01 1.153422599801299908e+00
8.367095762291464345e-01 1.151107532043227799e+00
8.720292500023629767e-01 1.118756773195042520e+00
9.226345860145392930e-01 1.049098196732412225e+00
9.300825161165561239e-01 1.049151757300642140e+00
9.006424313076697441e-01 1.051388695623515224e+00
9.002100802276298275e-01 1.047731656954875579e+00
9.090498889560211238e-01 1.046370268216221033e+00
9.199477789138876815e-01 1.017723148985620440e+00
9.587597483809332521e-01 1.015340694277124367e+00
9.719851605861981048e-01 9.509030291975932858e-01
9.767392910552231688e-01 1.005047951917973803e+00
1.009790349000440068e+00 9.657497355417983265e-01
9.857283843030826276e-01 8.704482514894296141e-01
1.007230066830567372e+00 8.795182049233637445e-01
1.004690830299636461e+00 8.378989379251078340e-01
9.518753946703462088e-01 8.791428700865894230e-01
9.996722307388906659e-01 8.260431098543792316e-01
1.039912955489841195e+00 7.940258569867836291e-01
1.043041003538290434e+00 7.871618720660894519e-01
1.070005005307771206e+00 7.759556353647883986e-01
1.067871195259445516e+00 7.678365819428512040e-01
1.038034163398531939e+00 7.799153037404522593e-01
1.014076785930336788e+00 8.071673135166306245e-01
1.071766442021154564e+00 7.869536703702246783e-01
1.064202761219604110e+00 7.744232508417768779e-01
1.056898067514159489e+00 7.895243706470512768e-01
1.038297093449078945e+00 8.022679625311376350e-01
1.053618896551762552e+00 7.799914102249900782e-01
1.043049197583850951e+00 8.088998535828485492e-01
1.094972316633573639e+00 7.995983320851379750e-01
1.085302325920121991e+00 7.991997077365298185e-01
1.043219571893268860e+00 8.069328854587156652e-01
1.062858332796437377e+00 7.971241972459466307e-01
1.065401980385969782e+00 7.915541283222559121e-01
1.049610307886515104e+00 7.725608941462664969e-01
1.032702378768621587e+00 8.050913432226416422e-01
9.417965155500414021e-01 8.824048074497549132e-01
9.482697807071603924e-01 8.711457901873479459e-01
9.354373195345765390e-01 8.843334391578758780e-01
9.396284955408541473e-01 8.911027216917035698e-01
9.213555990960766717e-01 9.395358497921267871e-01
9.743350225828508737e-01 1.007766967844408112e+00
9.629911245901279226e-01 1.050814094712442914e+00
9.307170505659922988e-01 1.005741654279371788e+00
9.262039204254604030e-01 1.041847578940719332e+00
9.253569860928991808e-01 1.080163642678684921e+00
8.847879115453806120e-01 1.158376104781035698e+00
8.811531770536440433e-01 1.106955533418960025e+00
8.408816509509918768e-01 1.041797299919978492e+00
8.358572758239047884e-01 1.201175236441312633e+00
8.119060503465744816e-01 1.219395668914982522e+00
7.543651210450416089e-01 1.167495358596048360e+00
7.822125692055730273e-01 1.171823816546217589e+00
7.901804362467129694e-01 1.178203083402592277e+00
7.960561435325537172e-01 1.194594305625092057e+00
8.005392912241997561e-01 1.166917257029147281e+00
7.790461794176002375e-01 1.160486536798394530e+00
7.947805605255281458e-01 1.146899381899174175e+00
8.129437178006272413e-01 1.160301528365201396e+00
8.129437178006272413e-01 1.160301528365201396e+00
8.129437178006272413e-01 1.160301528365201396e+00
8.129437178006272413e-01 1.160301528365201396e+00
8.166903807473546717e-01 1.147094933596158661e+00
8.296366956906235934e-01 1.151244367610205543e+00
8.337147923043398690e-01 1.155930787982883734e+00
8.397677299114062466e-01 1.146837091975462908e+00
8.795691358718399355e-01 1.118621337332515564e+00
9.355496762276014344e-01 1.025854687957033606e+00
9.248648054982281375e-01 1.065650252702658118e+00
8.941203623439508696e-01 1.050274251296508865e+00
8.706071342281503922e-01 1.039824042882721677e+00
8.967839804695001416e-01 1.049754643123590236e+00
9.392674808519636542e-01 1.025784249968806128e+00
9.739499882328782610e-01 9.561417191451467845e-01
9.677940755602845169e-01 9.962459256086743098e-01
9.786392092840648926e-01 1.002335484563514179e+00
1.045850675874924640e+00 8.649314255603572921e-01
1.011571694162326285e+00 8.672023470227391284e-01
9.900692272785591719e-01 8.923592442804403335e-01
9.751780536978383873e-01 8.517342599182875507e-01
9.881536055744786218e-01 8.784828428221012064e-01
1.055501925411275188e+00 8.107441817393151728e-01
1.046675780925128363e+00 8.043709790631895507e-01
1.077197291765459752e+00 7.724294285781390101e-01
1.034372323182585429e+00 7.735434819560650377e-01
1.045261497053761035e+00 7.629964724216342642e-01
1.031438812084884749e+00 7.809677379328117119e-01
1.090523203529327967e+00 7.762324813648319166e-01
1.061144509263655999e+00 7.957119062602048265e-01
1.049120323480425609e+00 7.971650603345581398e-01
1.044412745302156331e+00 7.895733349622353625e-01
1.044602196681102768e+00 7.910324307576381830e-01
1.057629589217357946e+00 8.088341486063124197e-01
1.095923105886109417e+00 7.898339914047454169e-01
1.079289242227761791e+00 7.982834035146504359e-01
1.066575942283880529e+00 7.991283891416448570e-01
1.051746378179452268e+00 8.046477032085329606e-01
1.029284322958020415e+00 7.990093810558150933e-01
1.040320681468497765e+00 7.783876888747295331e-01
1.019102476048266315e+00 8.093060534713436560e-01
9.367836871723251857e-01 8.862615227194350354e-01
9.404498533899873225e-01 8.507791892771217057e-01
9.399753461589844816e-01 8.720425262601224636e-01
9.541633422645402485e-01 9.207751557682800625e-01
9.128958767652959327e-01 9.890080591385120856e-01
9.713840029452257552e-01 1.027468722474701890e+00
9.560940968127575879e-01 1.020627465773850773e+00
9.053248651222510768e-01 1.045994118981142806e+00
9.155446430068614472e-01 1.053761462510676372e+00
8.838850597803942222e-01 1.131377040453564575e+00
8.594355347437547810e-01 1.119478798578935175e+00
8.622947533246346774e-01 1.001448158175697323e+00
8.495134070243495206e-01 1.118568677577724824e+00
8.130083475110889690e-01 1.198419831300686189e+00
7.872902687364616847e-01 1.125677259363212723e+00
8.054610645967963389e-01 1.139646992364514277e+00
7.786401876246875631e-01 1.183050082146622772e+00
7.877461497093450893e-01 1.188793750488062129e+00
7.999745604309892455e-01 1.188716792470803529e+00
8.020187737039142784e-01 1.164785874381175645e+00
7.883386885985078640e-01 1.125299365645383132e+00
8.118249249876223761e-01 1.149547627956475804e+00
8.112195081303403832e-01 1.161319378953449277e+00
8.129437178006272413e-01 1.160301528365201396e+00
8.129437178006272413e-01 1.160301528365201396e+00
8.129437178006272413e-01 1.160301528365201396e+00
8.133692054736995081e-01 1.138789067406233757e+00
8.347644081406038197e-01 1.153422599801299908e+00
8.371179063732938630e-01 1.158511535887808419e+00
8.478997691669191150e-01 1.163794375269485704e+00
9.156725678436867799e-01 1.047871403528575884e+00
9.202512195024898922e-01 1.055159888299852300e+00
9.017999019617982670e-01 1.057436765138790813e+00
8.729643636616313263e-01 1.049975374636143988e+00
8.836113170803090444e-01 1.043417171355373485e+00
9.062085878713954656e-01 1.011503603871380275e+00
9.558171867852925940e-01 9.583546255162472827e-01
9.622078453756875982e-01 1.014964128458431425e+00
9.943934359301844772e-01 9.830049898666812780e-01
1.009404918891852798e+00 9.641940419329683154e-01
1.040357107974431372e+00 8.686887855652770662e-01
1.005647899410009760e+00 8.888471773444119872e-01
1.028377395066271571e+00 8.368484025286679895e-01
1.002258145235525255e+00 8.386194342780539657e-01
1.065786568730417105e+00 8.026213115668126008e-01
1.047108484757901525e+00 7.941883291004867562e-01
1.059014518587007236e+00 7.735513243355799373e-01
1.038020891521731048e+00 7.818970657254110668e-01
1.044706149203190826e+00 7.751029646248112082e-01
1.071102712486526887e+00 7.532667461015001287e-01
1.093512599754330905e+00 7.690457600049317444e-01
1.074780584977121922e+00 7.917102844666450423e-01
1.053004378854327738e+00 8.201277320075952559e-01
1.044561792767367603e+00 8.347513686424352652e-01
1.056574560655867856e+00 8.017816694588997262e-01
1.051198957526734867e+00 7.933936699581293217e-01
1.045950781773544280e+00 8.062583427331333485e-01
1.071677442577947614e+00 8.048703873625652205e-01
1.096794086315566519e+00 7.925318875459607115e-01
1.070760996125275311e+00 8.071682291134453235e-01
1.054249602973163613e+00 7.947927124802304233e-01
1.046623011848289098e+00 8.241496525212447244e-01
1.028919479203080245e+00 8.121980272324914596e-01
1.017117840687937758e+00 7.875380771028072102e-01
9.866159130574219116e-01 8.613523477001570061e-01
9.732491071641597991e-01 8.025149292621689412e-01
9.294010948215704060e-01 8.653863302616492392e-01
9.281689276818951839e-01 8.971520659425075150e-01
9.377845663830980394e-01 9.465643345444898493e-01
9.594258394137463730e-01 9.951731395707510419e-01
9.693378453673874295e-01 1.030362210948791768e+00
9.344887504002208356e-01 1.027548453428688724e+00
8.936278655327528631e-01 1.050904892263330614e+00
9.022905079306688947e-01 1.064017426317618975e+00
8.664576993758023038e-01 1.136998066199810253e+00
8.569884878502469494e-01 1.076431329184312835e+00
8.678454507837242149e-01 1.015003475333090099e+00
8.333513312881498658e-01 1.122399715559346145e+00
8.040660709472851053e-01 1.192698905673264864e+00
7.472549031174098300e-01 1.206676120624339932e+00
8.101727276454213644e-01 1.191884973520903612e+00
7.769814823086212963e-01 1.185984944095509475e+00
7.926038385496857464e-01 1.178400161768848653e+00
8.071490196307435916e-01 1.158443001837787145e+00
8.051335183014800556e-01 1.152845241908280638e+00
7.919309910184448853e-01 1.130484255314167186e+00
8.082757340317112682e-01 1.156372696585443727e+00
8.098458287798073751e-01 1.162732165469319456e+00
8.112195081303403832e-01 1.161319378953449277e+00
8.129437178006272413e-01 1.160301528365201396e+00
8.143065690621056341e-01 1.139005992714840154e+00
8.369469965432471126e-01 1.144665015543166131e+00
8.390122188581699003e-01 1.152797445965103806e+00
8.424395243298613556e-01 1.155836113417893829e+00
8.777639981246572187e-01 1.107574968369855029e+00
9.185080913595036201e-01 1.031695058035132728e+00
9.186473093640936671e-01 1.072657894807638845e+00
8.850385937059996877e-01 1.035242401003620971e+00
8.788659398319526028e-01 1.044021318998246128e+00
8.651281915117522425e-01 1.026836841500446296e+00
9.643740247087122519e-01 9.643019495439943967e-01
9.715375919756433776e-01 9.526023464346889957e-01
9.641501296053810455e-01 1.000070656468831309e+00
1.026151857342283202e+00 9.729484841690734243e-01
1.080788007165696785e+00 9.153028966412304346e-01
1.072692742074370820e+00 8.640080838540477037e-01
1.012731669963244041e+00 8.900518492105818913e-01
1.011670451144213834e+00 8.250472313949310799e-01
1.043206365495998877e+00 8.493272820929842482e-01
1.070095361638807585e+00 7.845959912889147736e-01
1.037741860003547734e+00 8.004322755992047123e-01
1.032286380206599796e+00 7.957328362650828435e-01
1.059236738338075412e+00 7.678131737543513191e-01
1.070788581034542553e+00 7.636148390191278557e-01
1.099444169081051026e+00 7.738763853587781183e-01
1.093718989423551058e+00 7.743823286830254782e-01
1.047512766943814233e+00 8.161620478815654334e-01
1.050207907927410478e+00 8.320897209460431654e-01
1.056600359579687121e+00 7.938663589374026497e-01
1.036761422135089150e+00 7.980320203561541703e-01
1.041960847073482466e+00 8.169340317374423899e-01
1.077464452458935629e+00 8.144050467650346681e-01
1.095082102380683375e+00 7.907098215775836270e-01
1.066742454162315612e+00 7.934255119862803074e-01
1.063895796687184037e+00 8.165194152636242597e-01
1.042129105849626480e+00 8.161463822950638658e-01
1.022101470460190953e+00 8.141668495256229043e-01
9.783910595444518243e-01 8.243600038264873309e-01
9.580848047911809662e-01 8.373814121883148553e-01
9.706930804475819574e-01 8.009635249274262847e-01
9.362868288266766870e-01 8.960255783797490547e-01
8.967281762186116723e-01 9.366728316619176153e-01
9.166616307443248290e-01 9.920948610271815848e-01
9.557731280979717692e-01 1.008368659448848126e+00
9.569604716741205719e-01 1.026297667235094302e+00
9.039527749577492832e-01 1.015570971478961582e+00
8.967635409315828365e-01 1.054183945066307082e+00
9.161792762309699523e-01 1.033033625166964731e+00
8.738777767182187572e-01 1.115205925638474982e+00
8.529987035801134265e-01 1.012982351358491906e+00
8.102806212483932846e-01 1.064739561354082209e+00
8.204007175928266227e-01 1.117524652026778087e+00
8.001161007144934612e-01 1.142719897647312521e+00
7.678172291609517419e-01 1.220406146639961831e+00
7.931484235009809147e-01 1.207032112715923144e+00
7.792227659872704715e-01 1.221477239013927685e+00
8.025771839046670353e-01 1.202984949216830080e+00
7.997809809157451211e-01 1.170769591322434966e+00
7.869006609170299260e-01 1.147788874767777800e+00
7.919309910184448853e-01 1.130484255314167186e+00
8.081442217495523606e-01 1.170095530704862385e+00
8.098458287798073751e-01 1.162732165469319456e+00
8.098458287798073751e-01 1.162732165469319456e+00
8.149993622869239340e-01 1.152819216750645692e+00
8.169258693701103580e-01 1.136411973271155507e+00
8.390122188581699003e-01 1.152797445965103806e+00
8.436940366134205727e-01 1.176680717187298830e+00
8.495849484008101138e-01 1.163093787570492754e+00
8.729969365385380486e-01 1.093282608016586943e+00
8.934780561315834868e-01 1.068957328306119781e+00
8.788042204376604882e-01 1.056995249691813799e+00
8.714990694809603422e-01 1.043665656958560950e+00
8.391597853373409244e-01 1.050449075941601418e+00
8.841646629140440528e-01 9.612206609419623460e-01
9.611666892900330161e-01 9.537311258010341408e-01
9.781506969569750964e-01 9.919074580287813303e-01
9.883579445110864947e-01 9.901390918045016587e-01
1.037238113475450696e+00 9.328042577888352449e-01
1.080526531805988677e+00 9.117983920646092200e-01
1.060884327536604665e+00 8.784169117204768673e-01
1.031816068356589344e+00 7.893494760173431768e-01
1.016493241728092967e+00 8.442643827919396049e-01
1.115204726528175483e+00 7.820634803741605134e-01
1.055362030088363934e+00 8.059916510664603129e-01
1.042833330192085350e+00 8.016510594986822058e-01
1.054428865437579521e+00 7.649254553827686820e-01
1.079394960536542714e+00 7.522282668617479295e-01
1.009201720094724086e+00 7.775395652302483640e-01
1.110292411648559296e+00 7.675144324860287970e-01
1.060502002016236123e+00 8.013364347417348821e-01
1.059767850100002518e+00 8.102365485011439050e-01
1.058180748796905046e+00 7.918406245776877794e-01
1.112168248106220725e+00 7.897243139371360465e-01
1.112774257684025825e+00 7.974333046881902920e-01
1.118137979335329213e+00 8.126531605441144057e-01
1.131261231855871685e+00 8.090633941891099967e-01
1.134097020157140756e+00 8.158117411400909180e-01
1.147825863874820440e+00 8.038681595583834216e-01
1.109823253022905076e+00 8.116036440557004017e-01
1.106027252055844290e+00 8.194226765303539439e-01
1.032627367985788469e+00 8.128765219840782263e-01
1.018853583492697057e+00 7.889229529686877518e-01
9.568131562537867119e-01 8.428727014323130762e-01
9.748491110688344286e-01 7.958371505072471264e-01
9.749923126837813925e-01 8.019406665083198549e-01
9.263904225759727051e-01 9.028239082920727077e-01
8.958523680257917121e-01 9.395036299904063748e-01
9.623602493235926536e-01 1.010070141095446017e+00
9.633325864200333877e-01 1.017313374561571004e+00
9.201180135800679505e-01 1.060194134822247669e+00
8.923998010625797672e-01 1.065261498165726906e+00
8.824927320330036018e-01 1.081507023569712844e+00
8.632782371663030307e-01 1.125199785668000496e+00
8.652643656524159343e-01 1.043301433206748285e+00
8.524655218824180869e-01 1.030204233498724253e+00
7.984123240174278990e-01 1.058104147220458424e+00
8.092400430436028635e-01 1.095879974466848816e+00
7.633175490017440890e-01 1.171034839500789460e+00
7.998877536313943049e-01 1.200955090244998136e+00
7.742290747944472473e-01 1.214799459359582556e+00
7.835926906356897037e-01 1.210838647415716895e+00
8.055238286604270437e-01 1.179800219768954550e+00
8.013425489733349005e-01 1.192200248154816844e+00
7.884205084171217459e-01 1.145950194515891418e+00
8.107096114087924965e-01 1.141721648213576801e+00
8.081442217495523606e-01 1.170095530704862385e+00
8.098458287798073751e-01 1.162732165469319456e+00
8.098458287798073751e-01 1.162732165469319456e+00
8.116145399771031999e-01 1.139755260625932909e+00
8.233724872823822150e-01 1.129402570187422850e+00
8.438781157664386745e-01 1.170469336009366312e+00
8.458017490541113181e-01 1.158181884116030735e+00
8.617323942381445168e-01 1.148924436917868164e+00
8.814066362405730271e-01 1.049318583969701679e+00
8.909873481436551002e-01 1.065969571233706725e+00
8.688765788186019190e-01 1.038652921638812510e+00
8.397941790498287817e-01 1.045756421762101596e+00
8.584671798978407153e-01 1.025968340356878006e+00
9.486044306626375544e-01 9.717313564050644725e-01
9.720922322263571003e-01 9.424832096971378359e-01
9.724440670922580576e-01 9.909750277139208752e-01
1.027654741112432824e+00 9.363126938865462545e-01
1.093866659688892184e+00 8.963039381583792764e-01
1.120095516474285846e+00 8.479101630308772952e-01
1.041730812227762426e+00 8.286941762076365237e-01
1.029464768581368928e+00 8.133236723654104772e-01
1.060044959637840734e+00 8.222408140610337757e-01
1.071667266364950910e+00 7.962538460472664559e-01
1.059805802250357365e+00 8.142180914118679613e-01
1.070980929323082531e+00 7.714165707540828754e-01
1.064116438300053202e+00 7.531328867609609068e-01
1.048760485238587892e+00 7.652519789745737544e-01
1.168777008107440896e+00 7.737233941311657537e-01
1.156964529875680547e+00 7.821736224818036654e-01
1.108521366720120360e+00 8.115176742534843113e-01
1.111343263256914238e+00 8.151595384764535046e-01
1.115964576974032729e+00 7.960263621303574899e-01
1.127982510990749754e+00 8.089721227271282622e-01
1.122687168958847570e+00 8.142044556088759988e-01
1.134645990183961617e+00 8.079977687409047871e-01
1.157443658071456882e+00 8.147760567860435899e-01
1.138459258661836726e+00 8.121189657962097908e-01
1.114757300769761539e+00 8.168909818009304491e-01
1.114692250463693357e+00 8.111143647651303246e-01
1.087646807388095604e+00 8.209191341224850724e-01
1.042207922953392929e+00 8.255958037179627063e-01
9.775122670141769277e-01 8.106532708108098451e-01
9.791606803921173441e-01 7.891728417801221473e-01
9.584954457482496304e-01 8.097992492206791404e-01
9.015856686456287239e-01 9.257416839870012959e-01
8.959350702155653989e-01 9.665777698012397723e-01
9.413927069447227680e-01 1.013204434091499184e+00
9.571615723653157382e-01 1.038082568135802575e+00
9.313743144863879664e-01 1.085664485432815241e+00
9.080840422325582306e-01 1.079176871234270196e+00
8.860276795160708652e-01 1.068475148883563541e+00
8.474991948291291655e-01 1.074623602848002069e+00
8.481479693270779219e-01 1.043987638093622827e+00
8.033591372534739650e-01 1.064748739580646308e+00
8.072690660077791458e-01 1.045220945626622377e+00
8.100044445932760295e-01 1.128116213459525952e+00
7.646224984756860854e-01 1.206290333145274118e+00
7.846873783273975445e-01 1.222662152164271765e+00
7.817420408379189833e-01 1.211475627543336708e+00
7.838748870897801480e-01 1.214578077304325321e+00
8.092145431230989283e-01 1.180411369979030622e+00
7.831437654724970887e-01 1.186604675541734766e+00
7.898547818508511176e-01 1.133670342715956458e+00
8.048600597870755324e-01 1.147885054629464774e+00
8.081442217495523606e-01 1.170095530704862385e+00
8.098458287798073751e-01 1.162732165469319456e+00
8.188608534614473244e-01 1.132978747610030590e+00
8.292914211758919407e-01 1.132251309261712136e+00
8.431792075741156856e-01 1.153775030557083747e+00
8.428343304721117590e-01 1.182189450995495106e+00
8.534675299974273655e-01 1.148660747904767687e+00
8.531173021285017866e-01 1.100070143434816128e+00
8.806614105062247067e-01 1.063640019002301207e+00
8.441609941588299471e-01 1.054511562556456283e+00
8.465140688173306005e-01 1.048336214634868035e+00
8.347425872919383982e-01 1.051663892686506729e+00
9.017808792934144391e-01 9.709275997624119414e-01
9.556497351691939368e-01 9.485423921602238462e-01
9.830437059754975060e-01 9.902948097982409159e-01
9.955033869654232870e-01 9.871700414838211479e-01
1.070728615602104750e+00 8.828643333728523057e-01
1.136136880292162088e+00 8.363074172292898067e-01
1.073634332096854216e+00 8.102381862429814952e-01
1.042289899446306567e+00 7.942883966428284648e-01
1.011845723439712685e+00 8.578781604186817011e-01
1.044071873114331916e+00 8.086374006876351217e-01
1.022412159887135408e+00 8.181423604830541096e-01
1.076682588745673241e+00 7.856205417499684263e-01
1.067340380931711685e+00 7.679139016328789813e-01
1.032071546940328988e+00 7.644161880783084673e-01
1.202220108291321976e+00 7.664539013629124709e-01
1.188761430493278093e+00 7.779465339106019783e-01
1.156531930513569728e+00 8.090540071651814991e-01
1.112134291891474058e+00 8.130811475991713833e-01
1.111619037676227384e+00 7.834492627551454813e-01
1.145391426005515578e+00 7.924127010188689590e-01
1.158422341433561487e+00 8.027117231587049817e-01
1.144165329449776447e+00 8.062192806351695662e-01
1.119017494078585528e+00 8.252966641069580112e-01
1.142146241146042129e+00 8.162310046438728817e-01
1.154502810888816011e+00 8.139997316486518031e-01
1.162383775063093649e+00 8.189107162695948849e-01
1.113856251862166635e+00 8.164447875912167474e-01
1.091950613402193682e+00 8.179501351240200391e-01
1.092660695556560757e+00 8.151106249564704642e-01
1.024630754012283873e+00 8.443391588468694975e-01
1.029605621668682192e+00 8.252161374131562477e-01
9.722071301485630812e-01 7.955549322526908052e-01
9.398839980076425515e-01 8.285757975517189511e-01
8.858438588413130033e-01 9.477644168569386851e-01
9.496263351980122058e-01 1.000293540011377491e+00
9.302360072951653125e-01 1.027684115858464198e+00
9.090974030355908342e-01 1.051163326795419684e+00
9.011771431567797697e-01 1.055414455174327415e+00
8.862770045265266905e-01 1.094752033880250552e+00
8.745177256594800497e-01 1.092618722060597847e+00
8.594591593362134185e-01 1.063551441105373696e+00
8.543639232765146696e-01 1.056057382391557109e+00
7.919109279886444863e-01 1.068675838645543941e+00
7.935239048290836372e-01 1.036244572884077453e+00
7.635958987348284710e-01 1.160997459013413557e+00
7.574482807766625969e-01 1.215506641082518824e+00
7.815857068494823645e-01 1.198550157364519420e+00
7.782725124656098004e-01 1.214577797471728005e+00
7.982971533335214698e-01 1.186391654699606946e+00
8.086524609358090032e-01 1.174770517518451074e+00
7.848391999547208453e-01 1.182041751705717125e+00
8.045420613479201677e-01 1.168728984644718860e+00
8.022112263688323530e-01 1.163678906179016259e+00
8.062591404006446139e-01 1.170763628875001849e+00
8.143924264917563605e-01 1.154329904960508246e+00
8.241983228035060227e-01 1.135059019434778937e+00
8.244656527815955593e-01 1.136134476206263066e+00
8.412485814269884399e-01 1.176986170112069852e+00
8.459215032112757937e-01 1.160300366011238982e+00
8.341196221379325593e-01 1.132631980158619323e+00
8.687515566447089332e-01 1.083108897675059357e+00
8.398958759300508836e-01 1.061575932302284198e+00
8.589387238788642742e-01 1.043606746653520823e+00
8.453142552318493319e-01 1.043043838098754117e+00
8.702147476216495203e-01 9.798859417442093989e-01
9.380225223334530682e-01 9.457536377041118048e-01
9.870495691632112933e-01 9.256198925384024889e-01
1.006307799541538150e+00 9.673794871829577424e-01
1.034088179412443909e+00 9.111649735799617345e-01
1.197227002391071382e+00 8.542432620034660085e-01
1.114730637067088415e+00 8.402869440002307400e-01
1.043717742625981160e+00 8.096842030919929600e-01
1.046571058442151481e+00 8.354351366557796199e-01
1.023571178173183327e+00 8.560830857483295864e-01
1.074662934262400782e+00 8.148149503134339833e-01
1.062505445223959732e+00 8.080194930234605444e-01
1.051227861263402286e+00 7.739267682701866935e-01
1.011397128679845547e+00 7.697702620049275968e-01
1.223095487424591621e+00 7.419011921247038455e-01
1.196989365593606580e+00 7.821399219924516366e-01
1.190289005300556813e+00 7.773104608991389108e-01
1.144951733951644846e+00 7.989913914807573736e-01
1.147596616689327220e+00 8.021208798119632277e-01
1.172663874898024927e+00 7.915077866412645324e-01
1.179945882099744825e+00 8.043609231075057320e-01
1.189623089702847469e+00 8.137022643986635551e-01
1.186337323478861228e+00 8.240326028729774155e-01
1.152224343215453750e+00 8.101863167182865588e-01
1.151858753805269364e+00 8.094222063033786885e-01
1.143825821290092692e+00 8.141284769295503709e-01
1.116620559061353157e+00 8.093925248282414220e-01
1.097772262544844279e+00 8.210091206573886247e-01
1.052429753426844083e+00 8.517576148539371950e-01
1.040446161995841168e+00 8.204144065784679807e-01
9.619361907038539439e-01 8.282762542672004180e-01
9.446474857792783730e-01 8.545593396551185439e-01
9.159547790381231680e-01 9.133502039921389537e-01
9.154072596570999032e-01 9.191887398347162730e-01
9.320137309249461044e-01 1.002682332241652929e+00
8.978792599986097356e-01 1.039904133121757335e+00
9.118821556856632204e-01 1.121731611528892447e+00
8.789813137983500946e-01 1.075662407886369687e+00
9.161457262630327003e-01 1.051513768345637700e+00
8.530981166891933309e-01 1.062545762394173865e+00
8.523263427828877692e-01 1.042447393649921006e+00
7.994471149030779600e-01 1.082301573081520640e+00
7.981674986285798301e-01 1.062980362230537157e+00
8.277300940469953794e-01 9.852008231970501573e-01
7.666195153017636432e-01 1.180457263647082033e+00
7.853772413272448460e-01 1.203651752489155680e+00
7.823946599460910312e-01 1.197360849069682098e+00
7.818783680051067941e-01 1.205278984859856184e+00
8.058512202781960010e-01 1.178261911298071896e+00
8.082645205850818027e-01 1.170246384331366629e+00
7.865461048070485628e-01 1.188899074867616701e+00
7.990034586997750710e-01 1.172824946773467714e+00
7.957861203405035555e-01 1.207959243685392314e+00
8.129779972692042778e-01 1.166977367097803198e+00
8.216935136140642859e-01 1.142567122413990610e+00
8.253493925051745839e-01 1.136145152254176338e+00
8.409408815009270510e-01 1.171723748235976137e+00
8.458985736149556844e-01 1.172472263235054823e+00
8.249196303594329427e-01 1.133148948302718617e+00
8.507591817565354209e-01 1.099761158327931865e+00
8.683001990263713443e-01 1.053480623190254262e+00
8.506109591514858792e-01 1.042290290128073504e+00
8.261128431920096160e-01 1.063448790980967562e+00
8.508669845632372830e-01 9.850638531493207672e-01
9.076440280064053123e-01 9.495111521057456594e-01
9.539021136782446231e-01 9.271946203492872352e-01
9.863020568488926054e-01 9.643314343621232076e-01
1.009233939673120695e+00 9.406423814526601035e-01
1.142086494735633506e+00 8.467963019845894390e-01
1.110414985710671765e+00 8.347140503128177569e-01
1.024117143618010983e+00 8.563303305258685993e-01
1.053628061102195979e+00 8.562766911622666788e-01
1.057635777526433563e+00 8.401442541998079827e-01
1.083572902335339094e+00 8.188001633969160808e-01
1.062183078673562653e+00 8.095911880104632585e-01
1.066247739217212498e+00 7.792186052775080807e-01
1.065436317132138822e+00 7.716310173740908995e-01
1.209978467562152771e+00 7.383528647194776973e-01
1.201668392264734653e+00 7.814434278641361198e-01
1.190912438531750883e+00 7.770623972976784533e-01
1.156808499299358806e+00 7.872678380261268760e-01
1.155748708940585345e+00 7.992718525271038654e-01
1.144357387536270698e+00 7.984060874333105406e-01
1.183256300073346479e+00 7.926893125220344505e-01
1.161432792162234051e+00 7.987149275401201898e-01
1.194891017305419023e+00 8.103946185939444602e-01
1.186250125773256947e+00 8.182382730411461580e-01
1.189694028084311572e+00 8.228395182946884878e-01
1.189477644437455739e+00 8.024432755760805280e-01
1.157718686463583335e+00 8.315784011088740435e-01
1.128034756803718341e+00 8.084576273821376668e-01
1.126510315693583397e+00 8.068825814172406741e-01
1.063363874137338128e+00 8.412011868546945825e-01
1.039003216415460784e+00 8.070674094905733176e-01
1.042658776441624857e+00 8.204195641402276529e-01
9.558337146267015250e-01 8.440734137739229759e-01
9.272903260280308535e-01 8.908519314798475364e-01
9.152587710970015999e-01 9.267008355099782824e-01
9.263623131808378375e-01 9.694224142566802982e-01
9.125456856314244636e-01 1.040917740254562407e+00
8.903861447707693832e-01 1.041150657499878784e+00
8.937514531424188835e-01 1.089389221032594612e+00
8.843515802238122170e-01 1.083255049023027050e+00
8.478565062513557793e-01 1.069394097162868151e+00
8.481734619156537924e-01 1.049539785069968589e+00
8.442908294803465052e-01 1.081366609967401970e+00
8.027262435612497748e-01 1.068735536008990961e+00
8.098154511805009115e-01 1.048611213146379839e+00
7.809068392678647497e-01 1.036165540109228900e+00
7.606612992148827912e-01 1.196650493427833917e+00
7.803192660865084784e-01 1.213611330666689581e+00
7.837272117615301514e-01 1.197181848867255427e+00
7.774990161408399381e-01 1.202984195906125153e+00
8.092153743434131741e-01 1.171904914988950885e+00
7.875084313233551292e-01 1.174971138108503288e+00
7.851229527105406669e-01 1.171736211911828196e+00
7.928487164309818702e-01 1.195236481447305321e+00
8.078003274590932481e-01 1.198915849248303633e+00
8.143681420145407746e-01 1.195659378395558248e+00
8.279254272205398557e-01 1.131672458168375472e+00
8.240745238228817104e-01 1.135472838493791325e+00
8.219861751068090472e-01 1.169845567602370240e+00
8.352058265565523998e-01 1.147115519982620846e+00
8.235113443816531875e-01 1.147774171919795361e+00
8.676338526225255698e-01 1.064825135937455869e+00
8.427596260390004534e-01 1.046200652166962231e+00
8.199157594676274030e-01 1.058848010257621652e+00
8.362147352063840078e-01 1.041341954407435155e+00
8.836011885671292143e-01 9.561828001169697666e-01
9.433966136377384126e-01 9.168162920370769298e-01
9.812018415594273568e-01 9.188161957635546662e-01
1.008649529730957450e+00 9.546192623437999014e-01
1.061127519468773039e+00 8.905848803463342067e-01
1.150443366339903850e+00 8.516047933972349382e-01
1.027902470479630459e+00 8.818156840848681011e-01
1.084472584464641454e+00 8.562172920246625685e-01
1.062440359680188351e+00 8.461427128196497005e-01
1.066448557701526356e+00 8.619333780647192578e-01
1.087815968511361531e+00 8.122496744099876320e-01
1.064956992546028935e+00 8.030731709976169919e-01
1.092878548484701229e+00 7.748622299490200982e-01
1.023554635658601830e+00 7.491842907356761616e-01
1.190062021434839412e+00 7.958914237692955584e-01
1.210928644203975502e+00 7.791192424738603295e-01
1.178465606371347896e+00 7.825861836820721118e-01
1.160151562939538694e+00 8.019433681542194048e-01
1.159963029083098451e+00 7.945449887604664196e-01
1.176149287379435249e+00 8.018084439876969061e-01
1.184919583671057319e+00 8.081846127376624001e-01
1.204775383130846755e+00 8.099996421114959988e-01
1.186960013559239080e+00 8.250981557081518147e-01
1.136519735128951547e+00 8.236903226620282403e-01
1.157195756132689768e+00 8.059532833512906835e-01
1.166685863834994175e+00 8.308855179344598607e-01
1.129837370825300891e+00 8.187202197207166243e-01
1.114851158251946917e+00 8.175678877849893444e-01
1.046564400916122572e+00 8.722253397195233182e-01
1.066527849781691462e+00 8.017757660760649330e-01
1.029482723554175694e+00 8.276293690150887672e-01
9.442040660028633292e-01 8.714973038402981098e-01
9.176488723874690612e-01 9.203238259221572237e-01
9.183506233357950910e-01 9.668904802142513910e-01
9.658571473041834832e-01 1.002437010698937980e+00
9.028121356880451920e-01 1.040314080185038792e+00
8.508484735777871455e-01 1.113879138895175647e+00
8.760886759519355138e-01 1.103413349321630044e+00
9.197571738319526569e-01 1.034762734986123700e+00
8.639118484353943694e-01 1.058052057029935211e+00
8.291628712462091322e-01 1.064194697608315421e+00
7.991306510180495870e-01 1.123399849150579444e+00
8.092135114538516749e-01 1.062368500357172563e+00
7.797786810665194857e-01 1.064610678845399505e+00
7.726705796843967855e-01 1.030447246767575153e+00
7.557321874414623109e-01 1.207440967659878517e+00
7.731890452703550354e-01 1.207363288747239860e+00
7.810641088603069715e-01 1.188418646233759146e+00
7.873521101689522350e-01 1.175537096168604689e+00
8.108104552942038135e-01 1.170269153704829534e+00
7.896428698194191131e-01 1.179040425299147987e+00
