# This is the data for the dw statistics for the following parameters: 
#  3072 points, q0f= -0.574, h0f= 0.7304, zup= 0.1, zdown= 0.008
#  dw_up dw_down
1.844043050140979245e+00 1.556798045110022732e+00
1.889376783766235857e+00 1.541025289978942281e+00
1.813010998987592437e+00 1.474413671221063149e+00
1.879316881153866303e+00 1.425200192947965183e+00
1.844448519365693429e+00 1.616644667392767909e+00
1.873114700832598789e+00 1.515526978241399148e+00
1.861398366526287651e+00 1.579365664487509147e+00
1.861666704936240757e+00 1.454028024326034618e+00
1.795556566277832111e+00 1.457607560622466547e+00
1.792602788152341864e+00 1.507918935714001263e+00
1.837557945307175533e+00 1.515396556175965914e+00
1.847127839266383242e+00 1.550296218472017262e+00
1.837774058025195112e+00 1.593798761014775911e+00
1.816878691117387534e+00 1.549646099432825608e+00
1.843865618902076120e+00 1.534365971042082721e+00
1.868260585696280840e+00 1.601004303890837255e+00
1.878603403806223371e+00 1.509318860067822676e+00
1.835072878403626095e+00 1.429564109715281139e+00
1.807072592869520822e+00 1.504710136866111991e+00
1.784017243493092542e+00 1.446269867012936805e+00
1.826672687464347300e+00 1.517968656474012912e+00
1.826017768223825222e+00 1.542690700893263100e+00
1.861590622597562028e+00 1.613098875238496044e+00
1.827682934086198863e+00 1.565416245824847508e+00
1.784824421056507626e+00 1.564633850544437266e+00
1.819192185797503525e+00 1.485141779288810415e+00
1.842955231043105657e+00 1.515019393405014014e+00
1.862763127834351717e+00 1.535199305403656123e+00
1.856939083346476949e+00 1.503271161483292095e+00
1.885900256116250118e+00 1.549396217680314214e+00
1.881183454098555918e+00 1.566477699720071781e+00
1.851782258065950426e+00 1.557800984013273604e+00
1.851032143705029220e+00 1.430147380343097296e+00
1.812769478998357497e+00 1.448549996625295933e+00
1.788386621909353380e+00 1.487764933888594765e+00
1.814796475163204637e+00 1.497531961258798505e+00
1.839896914502993974e+00 1.536018348853769533e+00
1.837268089295457152e+00 1.497084651853080928e+00
1.776957396343295414e+00 1.636640234136137018e+00
1.792884197843152227e+00 1.541846466995210330e+00
1.761030435481384382e+00 1.509447212158975926e+00
1.755993591743264748e+00 1.554395458398653229e+00
1.839450806371081937e+00 1.561995087076414768e+00
1.828991097177492087e+00 1.511318960808604173e+00
1.822085185486298275e+00 1.552311124531285724e+00
1.826817515502955569e+00 1.626383562198336019e+00
1.843237348024383770e+00 1.556000456554494260e+00
1.870818094383604802e+00 1.528609206277848687e+00
1.814244479211359451e+00 1.511531938621110793e+00
1.820255920949293449e+00 1.476861806190314708e+00
1.828172524409141797e+00 1.484205801088864796e+00
1.796206276337641405e+00 1.417523857944998911e+00
1.800664900451407702e+00 1.430100171370352058e+00
1.799687383223778303e+00 1.499904278957581605e+00
1.816589957254874710e+00 1.496460913552394967e+00
1.825036891220767288e+00 1.529357810023680431e+00
1.794533622761993907e+00 1.555626950728600910e+00
1.805318552795720732e+00 1.674998823324772568e+00
1.782203255468817860e+00 1.606559706697652690e+00
1.791751859784127321e+00 1.583208456925804919e+00
1.741961165912291554e+00 1.539333690759002948e+00
1.743563425156188895e+00 1.513121078690708554e+00
1.744143084606131877e+00 1.487262144977204548e+00
1.771001445240765859e+00 1.661142015390869142e+00
1.818920371016694348e+00 1.502206143549281503e+00
1.806969038880815281e+00 1.616166155104888258e+00
1.827168394138341201e+00 1.596178640878801902e+00
1.824851919091446506e+00 1.612772963498319667e+00
1.859856140818199277e+00 1.696016272988720486e+00
1.758622952098195524e+00 1.575360083322298710e+00
1.752990543325865458e+00 1.628886340974987856e+00
1.802481524369614840e+00 1.486673874958321706e+00
1.817353324216343768e+00 1.498552254187929256e+00
1.789686250730913475e+00 1.528749008709237023e+00
1.772457020053200827e+00 1.436983960256039694e+00
1.754292260659095160e+00 1.545439244163934411e+00
1.797033169486174087e+00 1.452315519427484380e+00
1.817383828097301368e+00 1.491510339234364713e+00
1.824668069579368446e+00 1.529283954024223791e+00
1.816999888087384107e+00 1.523465109111831417e+00
1.785424946714050831e+00 1.629953062403260322e+00
1.792491867490274560e+00 1.622586091761104132e+00
1.787652748005316372e+00 1.629325596600078363e+00
1.773293856917047107e+00 1.616719650263573227e+00
1.770141204866801266e+00 1.472534036951018477e+00
1.734964257982077651e+00 1.504181266609272871e+00
1.709396729390519454e+00 1.591783971757800398e+00
1.758859621921885497e+00 1.607414986255024658e+00
1.796709005963279315e+00 1.651216980746009089e+00
1.784022770252762680e+00 1.649537847477339669e+00
1.708726979769905174e+00 1.737490589107574257e+00
1.737917304326757062e+00 1.694062838393446846e+00
1.727261793061442008e+00 1.769696634580531169e+00
1.803758827460912206e+00 1.715170924321372192e+00
1.816237152931469589e+00 1.612917517156641223e+00
1.758099194299285406e+00 1.621516899311326698e+00
1.741397871292364341e+00 1.686098781334333330e+00
1.759189267086221475e+00 1.670231522797525514e+00
1.842285800923177730e+00 1.528039881811208200e+00
1.850749937446412918e+00 1.568541870904885727e+00
1.815393425122608040e+00 1.565546091740839252e+00
1.786611406353509013e+00 1.542164343080234756e+00
1.706159413395422320e+00 1.521203162838117962e+00
1.784862208713523968e+00 1.417090802521199011e+00
1.804036164377108342e+00 1.500284926449068967e+00
1.802556166454208020e+00 1.493803760951608162e+00
1.843700307094154889e+00 1.560286296846006282e+00
1.839055826493120049e+00 1.537024668604555666e+00
1.846183673208226628e+00 1.602121150924445736e+00
1.813917241105037714e+00 1.564080529338943704e+00
1.815257046084117309e+00 1.568840587142732446e+00
1.806741097936968909e+00 1.562532918564966344e+00
1.786698111265950795e+00 1.456592334873120675e+00
1.775222232858338245e+00 1.543321234493855165e+00
1.792780455497012593e+00 1.538314067535927920e+00
1.742117718767614010e+00 1.585580717995658029e+00
1.780780401553992753e+00 1.590922140280567554e+00
1.773962761282837475e+00 1.640841407179409073e+00
1.722503254107327297e+00 1.719241050811028737e+00
1.725154745116591171e+00 1.672202484868105632e+00
1.666986691422144284e+00 1.854945128008254951e+00
1.732104257517147694e+00 1.786194355116276666e+00
1.758405355602961517e+00 1.762919725115342118e+00
1.735590301485392173e+00 1.710398647150819906e+00
1.793401914058927682e+00 1.579836945843565932e+00
1.732382113079080410e+00 1.742726436021240666e+00
1.786519004286014622e+00 1.758458460425131653e+00
1.786044635078029685e+00 1.703272264301586736e+00
1.794199891054456764e+00 1.686487923595654470e+00
1.864792958987524507e+00 1.579314406833839390e+00
1.838618321901720698e+00 1.617158530776945602e+00
1.821044546901361416e+00 1.630727244434428291e+00
1.799283779667666394e+00 1.617302708227845720e+00
1.710819917319671646e+00 1.539408146338109518e+00
1.722211618165718328e+00 1.490715526083698839e+00
1.799393521156159581e+00 1.506507853813401798e+00
1.822436827487403876e+00 1.512460903543661805e+00
1.852449127722495481e+00 1.564280478501158367e+00
1.883154844635119396e+00 1.583489049906385393e+00
1.858727497306110088e+00 1.650839499080117845e+00
1.841777776471501094e+00 1.646263706693866791e+00
1.844746917458649937e+00 1.535323620743180628e+00
1.839755495401933061e+00 1.531379834101395776e+00
1.807588797717351037e+00 1.508410752432091551e+00
1.846108529503005080e+00 1.431045512828307720e+00
1.782676758947166151e+00 1.581581339103937944e+00
1.763970336062275601e+00 1.557535562042919652e+00
1.777997580821109258e+00 1.542043823287285287e+00
1.706204142221275033e+00 1.670387260713729560e+00
1.760051153569612170e+00 1.654919990344233538e+00
1.797433767807554261e+00 1.665867395620755032e+00
1.715726141533062243e+00 1.711684796892700700e+00
1.630915415558106485e+00 1.798295987263625717e+00
1.636593904684545686e+00 1.807531352947340242e+00
1.649174785413479283e+00 1.828633089302885262e+00
1.734903274800306816e+00 1.711328030587926818e+00
1.768012474510541887e+00 1.711129013175835878e+00
1.717845687974049795e+00 1.677829009832837226e+00
1.771705224244922716e+00 1.599424231214069847e+00
1.779627579828306549e+00 1.799080415730867522e+00
1.790783867487699466e+00 1.715721795425364293e+00
1.768376691392787858e+00 1.699542258781959969e+00
1.788630883153253803e+00 1.682274922340245782e+00
1.859725243893185498e+00 1.592266259566336384e+00
1.844790130274341466e+00 1.612471959263925392e+00
1.847629428091726034e+00 1.585605378166143664e+00
1.801478816413060402e+00 1.630838557296703684e+00
1.798665313216769812e+00 1.647954287819941799e+00
1.731025675758416149e+00 1.585929156940451001e+00
1.742829369961000463e+00 1.444904013718705471e+00
1.817796954320586966e+00 1.555381259596309240e+00
1.795634901476372836e+00 1.610638994409607783e+00
1.851648483084253893e+00 1.565145058967713609e+00
1.884985838141282510e+00 1.618598013693233861e+00
1.849444251346467727e+00 1.619305139343491406e+00
1.885926424555545378e+00 1.612840591889727060e+00
1.829055805997155781e+00 1.624575252717297191e+00
1.801374544584630977e+00 1.670953857240317308e+00
1.805694506315499881e+00 1.598188172551743946e+00
1.817640196450723389e+00 1.550815231661773597e+00
1.739103264446234309e+00 1.631297192803016882e+00
1.751214470724751671e+00 1.551410447676047522e+00
1.746367490960630597e+00 1.582415372229329265e+00
1.725321202898496553e+00 1.558052526698629592e+00
1.763290138442897836e+00 1.622076556649144408e+00
1.747551582046944052e+00 1.665089168321872481e+00
1.777681952912026686e+00 1.647758285535421585e+00
1.724558455274951552e+00 1.670626521278644638e+00
1.695114068335239699e+00 1.652637081442515532e+00
1.637698598007550688e+00 1.796200491657026443e+00
1.641009464155090969e+00 1.749865810603447924e+00
1.640216855721907230e+00 1.776774083053874964e+00
1.675638194848772189e+00 1.771775887139324990e+00
1.767181456316264443e+00 1.716445212325178771e+00
1.742802625897494906e+00 1.710753475117382960e+00
1.742146576081936349e+00 1.668098387616943956e+00
1.797386462143752306e+00 1.768275429248172825e+00
1.768312406545828219e+00 1.810845993069631454e+00
1.762190202831898755e+00 1.729866762440861461e+00
1.782041540236688704e+00 1.739756137551378368e+00
1.778288060126579140e+00 1.721870447157838324e+00
1.783389417609806626e+00 1.711651296341864636e+00
1.847119348374745895e+00 1.602600567508732698e+00
1.838357620529755598e+00 1.669110490279012593e+00
1.841601098952482474e+00 1.614034471891936384e+00
1.789436070060954398e+00 1.618350849771979627e+00
1.764806816044493853e+00 1.646551501883244395e+00
1.721009859022309074e+00 1.589288540886352852e+00
1.755443132275450235e+00 1.474087118928381068e+00
1.796377745804989212e+00 1.621574403678332832e+00
1.789631459966098737e+00 1.585298872486904598e+00
1.801536316633946866e+00 1.574663279584314290e+00
1.887622271359702841e+00 1.603550315846150598e+00
1.885013504868340517e+00 1.571770789936437041e+00
1.852791622246610981e+00 1.679992903427007134e+00
1.853683058819197704e+00 1.700345593621304108e+00
1.847112384555555931e+00 1.587220076381490763e+00
1.816675741219248907e+00 1.560125836387206588e+00
1.786533320887959686e+00 1.551332138811997385e+00
1.779897987193074238e+00 1.511125027318026337e+00
1.749053949211249792e+00 1.643041810018553095e+00
1.739731648988482648e+00 1.623302409558180948e+00
1.722800999449544124e+00 1.603144951407152075e+00
1.709652894166544312e+00 1.572747537406564700e+00
1.770937612536188421e+00 1.593615110909650134e+00
1.760488373478311219e+00 1.600738513748751313e+00
1.724995214137880151e+00 1.675336300795491562e+00
1.726974570909819873e+00 1.655567270452868112e+00
1.707617346631297384e+00 1.656013246321560217e+00
1.640751113816976359e+00 1.748894286253563024e+00
1.638062820868351865e+00 1.762692476116717977e+00
1.643847556437360025e+00 1.692062888278492050e+00
1.659610091628680895e+00 1.708801736856529141e+00
1.685763709357415374e+00 1.695740689093672371e+00
1.672242311202034148e+00 1.776289612309508881e+00
1.711593028091155988e+00 1.717597804799569694e+00
1.737275350607615287e+00 1.710325852190565099e+00
1.715620581317975901e+00 1.763430208383139464e+00
1.777949884646544243e+00 1.792485413985575926e+00
1.805994972104181029e+00 1.714411697841476956e+00
1.764225151231625377e+00 1.728323903115267512e+00
1.766650375569951636e+00 1.730717638138213221e+00
1.782621612014809953e+00 1.707958814907870604e+00
1.810708100094722051e+00 1.720433715591175750e+00
1.813496146639680173e+00 1.721437080912943562e+00
1.795098094525065413e+00 1.646260434985673760e+00
1.832461885360012976e+00 1.633415161821380579e+00
1.828606307092002892e+00 1.628416946254382935e+00
1.796077455790960231e+00 1.610522411938018372e+00
1.753102472036890846e+00 1.673294439495194519e+00
1.731350305574636428e+00 1.606489973877864408e+00
1.763257701199786309e+00 1.631954893751885960e+00
1.751393530332036708e+00 1.575438614817704863e+00
1.795800392974049586e+00 1.579089274458945757e+00
1.829190730554796307e+00 1.593542243126109481e+00
1.886562758468103285e+00 1.621756419127237558e+00
1.882634916663861402e+00 1.617389307045397517e+00
1.858890716993561343e+00 1.660553762532672062e+00
1.812588229375696747e+00 1.708077568966328119e+00
1.832917120480817230e+00 1.611919527303879329e+00
1.829106387491043817e+00 1.563190702232872598e+00
1.811118912525289559e+00 1.607809611030047048e+00
1.762394857712967333e+00 1.530480399044493289e+00
1.774776578008838035e+00 1.548023506880091604e+00
1.746769826466212150e+00 1.687074523219882494e+00
1.783441924798766287e+00 1.723495801541756078e+00
1.765241805733103186e+00 1.671375304295719344e+00
1.712478856142549022e+00 1.691746100838696920e+00
1.769961956474661147e+00 1.644955132937467424e+00
1.778221950985503508e+00 1.627429931939369911e+00
1.744520475774391732e+00 1.649261263375933151e+00
1.725540714854002955e+00 1.634016992627278952e+00
1.711960825024670285e+00 1.693345999970691684e+00
1.704080060343167391e+00 1.631827829105738425e+00
1.625032326083979850e+00 1.768850043713234621e+00
1.641587952365501257e+00 1.768011134713219024e+00
1.629382015586307020e+00 1.748219387831372762e+00
1.677059065438609275e+00 1.662665074142401833e+00
1.663758022617044752e+00 1.697454379198663377e+00
1.669353307369933148e+00 1.777552425003128711e+00
1.718583621445834542e+00 1.694729196793927306e+00
1.696206735981428126e+00 1.697113926468175826e+00
1.756584453185692452e+00 1.805806996884768978e+00
1.715348163960905170e+00 1.824138404293900839e+00
1.727223042098990691e+00 1.842698038571652264e+00
1.759769713067007801e+00 1.779621811824351862e+00
1.761210043213034648e+00 1.736395565742401281e+00
1.789068482315715247e+00 1.680910621549173811e+00
1.801318831048201341e+00 1.698612041208515722e+00
1.797404679241354941e+00 1.695945818048310239e+00
1.797851687101111651e+00 1.656368817257666270e+00
1.855340425276164718e+00 1.608048829996594487e+00
1.854656730505727324e+00 1.607539171167852388e+00
1.860897426794974496e+00 1.572293428461175147e+00
1.821013731755565912e+00 1.562861156315480171e+00
1.804865298007076513e+00 1.569122454694075852e+00
1.717580074052481365e+00 1.662715457636295024e+00
1.720715347478881219e+00 1.667611634561996681e+00
1.764906545901920421e+00 1.585797075668198275e+00
1.759834174582341815e+00 1.557130530044802619e+00
1.822981804775259729e+00 1.612440252634641524e+00
1.815624227165909765e+00 1.580536665480548386e+00
1.887958088904315490e+00 1.636608242595809504e+00
1.861693352849002503e+00 1.635540809809863827e+00
1.850753429264634820e+00 1.640687226886909489e+00
1.847574864882444157e+00 1.661493010779061530e+00
1.841076873963805483e+00 1.579210912456802340e+00
1.815594276327729295e+00 1.536893255264390579e+00
1.768094706476188938e+00 1.551559494776566517e+00
1.793360826509305062e+00 1.575501882930507858e+00
1.742141924389404961e+00 1.552228416081773865e+00
1.717953398318809111e+00 1.689155231405968127e+00
1.792042212362989773e+00 1.714775685625153034e+00
1.789224131445241728e+00 1.713278734477181819e+00
1.750307587731186887e+00 1.662101758408679908e+00
1.714624859796236800e+00 1.653837243937454460e+00
1.711897056971443343e+00 1.700528339970938330e+00
1.761372997740556556e+00 1.625973505054190360e+00
1.745536759443411468e+00 1.632040316269001368e+00
1.746775246643206714e+00 1.619687277395774228e+00
1.748006217609839430e+00 1.620589492708756740e+00
1.710366041933627068e+00 1.605503458876865519e+00
1.638974633804551440e+00 1.684855651873537585e+00
1.624163131023455886e+00 1.762678794173628161e+00
1.637868227684935452e+00 1.698246106777035136e+00
1.635556941472049886e+00 1.733042366756999630e+00
1.671872291028764002e+00 1.707657313045199521e+00
1.663924099755522690e+00 1.747531286369080616e+00
1.658269967218642726e+00 1.753281174818296817e+00
1.742020356728573915e+00 1.710708085179444726e+00
1.786721161501154009e+00 1.701682044685889350e+00
1.725856539415750790e+00 1.842528643142409717e+00
1.632609973790996483e+00 1.873113302760251564e+00
1.683660480775306834e+00 1.876189106121317396e+00
1.682736308548978377e+00 1.821207373322927925e+00
1.774539308705959106e+00 1.778170190517802896e+00
1.783528362252063681e+00 1.799982765384746886e+00
1.786414633453021983e+00 1.749944534134503238e+00
1.786626612647518764e+00 1.697113935939584151e+00
1.790408715753389446e+00 1.628670703891158533e+00
1.791497523537793013e+00 1.628734989619772477e+00
1.786267417471067542e+00 1.641412305482226053e+00
1.832768224289405889e+00 1.576692319957474497e+00
1.804508416750903566e+00 1.617681178624852834e+00
1.799534757896995574e+00 1.572599424249990108e+00
1.835696910795972192e+00 1.573535505688796965e+00
1.757608680532269485e+00 1.605748366726276188e+00
1.735328019047212456e+00 1.674522740838070733e+00
1.706657531842513009e+00 1.607745062002382541e+00
1.766240567660321670e+00 1.548876204181190763e+00
1.773988472719710829e+00 1.546040534743513772e+00
1.807151152574424158e+00 1.585069331842102747e+00
1.818539335747134000e+00 1.577423604083279640e+00
1.831171148892983380e+00 1.637774341252673072e+00
1.889865165053582485e+00 1.587659283026776613e+00
1.871177400096597720e+00 1.604979795150146105e+00
1.876715816809705561e+00 1.608684118978666477e+00
1.812882316967121765e+00 1.577436178965855307e+00
1.832858065001438330e+00 1.488578900785945569e+00
1.776660121156352412e+00 1.469088012397445686e+00
1.770896758587411801e+00 1.489315135079105401e+00
1.728252566598116102e+00 1.449292446939384416e+00
1.738335057474194034e+00 1.527519973704739131e+00
1.750172449127908259e+00 1.687055867098324224e+00
1.796741073024854307e+00 1.755644173034746736e+00
1.773000257797237023e+00 1.790235621760257301e+00
1.764659129874027510e+00 1.741472408615555745e+00
1.740331522468086867e+00 1.714657899227327587e+00
1.692872602734307730e+00 1.748711764619493403e+00
1.682135867127675599e+00 1.752527248565774798e+00
1.731263190729372736e+00 1.663313813456210877e+00
1.696765033630766473e+00 1.657379901484534068e+00
1.710599098862928713e+00 1.660527421417639982e+00
1.676278239486516997e+00 1.701357115932689013e+00
1.674361850249792560e+00 1.669925231274156818e+00
1.639792682478028008e+00 1.711732626924818090e+00
1.619189948657471456e+00 1.718774285133928270e+00
1.637404044667740921e+00 1.692814319696823944e+00
1.647837299383006604e+00 1.733120350236732277e+00
1.669642476675970988e+00 1.701724704775227970e+00
1.668672161068288418e+00 1.768676098005053099e+00
1.746787361491412449e+00 1.773056979045965154e+00
1.688610890505204187e+00 1.781600064145590689e+00
1.671565285468363804e+00 1.750511308941453903e+00
1.727840599161811985e+00 1.800460684950049961e+00
1.707765573751224952e+00 1.918325913059295118e+00
1.647602275868585764e+00 1.872973685267058652e+00
1.635071320821431584e+00 1.876876839195232405e+00
1.724006873669086781e+00 1.829397876673747536e+00
1.784223356128721294e+00 1.775164088111032878e+00
1.751373997649662062e+00 1.823888586113002752e+00
1.745973295659463798e+00 1.729572795849714462e+00
1.750772955675373277e+00 1.728623082477698247e+00
1.759055286035106969e+00 1.700529019869002845e+00
1.773706470552464776e+00 1.691583791477624832e+00
1.744214309833242549e+00 1.643967859814396748e+00
1.738266165607140090e+00 1.633253086017423694e+00
1.797918793628432432e+00 1.558324633582338192e+00
1.808751291387764359e+00 1.562061530684324628e+00
1.793301295927337780e+00 1.598629387048389194e+00
1.829790917085226676e+00 1.579892270732328852e+00
1.757105681481257120e+00 1.626894720613649037e+00
1.701948204330269609e+00 1.620340078155066976e+00
1.737739578476813040e+00 1.559013306572657021e+00
1.745228786841567237e+00 1.604854043058150603e+00
1.806621682615419111e+00 1.624859571478284970e+00
1.765148527320996141e+00 1.583607618013495255e+00
1.819149402578294383e+00 1.568437803170084299e+00
1.796759277457584458e+00 1.602301231330528486e+00
1.925002724500892937e+00 1.559681601897185521e+00
1.919782224659561054e+00 1.571931404461714976e+00
1.859772632533473358e+00 1.529179187222079905e+00
1.822473485894744671e+00 1.560791637179382407e+00
1.834260104099393995e+00 1.509843857711582027e+00
1.775092676779190581e+00 1.449473654293924163e+00
1.774875409174847096e+00 1.469069936158146961e+00
1.744370714206188167e+00 1.473613243287892116e+00
1.739013494940000459e+00 1.489028678545517792e+00
1.723581434517486910e+00 1.607768085028209448e+00
1.755001131819993621e+00 1.638992805594810420e+00
1.817414602654828348e+00 1.628874770826367335e+00
1.732325795528871337e+00 1.749620137231039596e+00
1.734236460169490179e+00 1.709015744447502927e+00
1.719130072268391318e+00 1.709777256943796120e+00
1.723250640711480264e+00 1.721353889691228378e+00
1.660041357584851163e+00 1.698212343781388967e+00
1.668741669426633489e+00 1.760902016275326609e+00
1.678270254350241908e+00 1.698447175757146876e+00
1.689877146448910183e+00 1.676244963629102358e+00
1.700956966492913169e+00 1.661922067227892263e+00
1.716046408453754113e+00 1.759306566818422679e+00
1.647088836707251813e+00 1.758604653949187968e+00
1.630388464209129085e+00 1.709752373893238753e+00
1.623707767675079738e+00 1.725767969832301851e+00
1.629012632645040037e+00 1.693752011116412826e+00
1.639223349044044431e+00 1.721597497703735824e+00
1.674814062757978839e+00 1.723815665084475812e+00
1.719914978223878066e+00 1.790767651766509871e+00
1.733419551965995176e+00 1.812255323875133550e+00
1.649566547832402197e+00 1.811418780471729661e+00
1.681294059772551419e+00 1.795493500544601551e+00
1.665510272124413937e+00 1.857998812986976889e+00
1.716249422623085996e+00 1.824651656422516366e+00
1.652991637835474981e+00 1.946237535310525457e+00
1.657639724442986351e+00 1.919531680330644585e+00
1.633392032305639008e+00 1.881036015765904956e+00
1.710544796685847357e+00 1.829771883405878263e+00
1.765925123334022073e+00 1.788200288460979559e+00
1.739727772070308820e+00 1.741943430439661933e+00
1.733099275815401796e+00 1.730750963468522974e+00
1.735034082417091117e+00 1.730725574771105668e+00
1.700405238387227680e+00 1.737201349230624414e+00
1.730386004423119406e+00 1.685607490154952481e+00
1.736505904050172466e+00 1.682489627084041484e+00
1.744233005487975996e+00 1.617952370155205211e+00
1.795894340237162101e+00 1.593160286691343019e+00
1.781471478675529463e+00 1.592444093224012702e+00
1.789335359333446673e+00 1.587235887700438663e+00
1.798955947976818459e+00 1.563889758034721966e+00
1.807857790898695916e+00 1.560614604083966572e+00
1.760682955812060246e+00 1.623131394580713538e+00
1.726925493327090555e+00 1.588618433943575825e+00
1.736600731104577022e+00 1.573571405730806338e+00
1.739020250700149983e+00 1.555300264801897203e+00
1.834132180360976694e+00 1.612496229934612613e+00
1.765463291092737252e+00 1.574467765499338201e+00
1.795876655020428148e+00 1.603532841237326645e+00
1.833805734983277480e+00 1.560580661045971151e+00
1.908599946185129292e+00 1.546243272053723805e+00
1.929972556566466046e+00 1.565747188038704829e+00
1.867980954930403836e+00 1.510984832077927775e+00
1.854708744100289630e+00 1.526839236395806321e+00
1.817598247792766131e+00 1.534824511147013126e+00
1.809112505943761606e+00 1.470772801786357498e+00
1.785941828584252100e+00 1.443126218410122119e+00
1.770820990284684315e+00 1.468596402321649785e+00
1.769153636266252327e+00 1.502964458013771765e+00
1.763466651827133580e+00 1.490886415446088131e+00
1.777345995886141283e+00 1.615233543811339434e+00
1.775866736891628106e+00 1.619636018454044368e+00
1.811011410860265958e+00 1.675364231740324117e+00
1.784536721607328014e+00 1.655523119890197625e+00
1.788838575495086625e+00 1.671814418035237892e+00
1.723778531637143896e+00 1.722253567656745643e+00
1.676645559613865633e+00 1.692768343356069405e+00
1.648152841787627221e+00 1.695827082535773966e+00
1.658401971448231649e+00 1.699709831934979265e+00
1.667907710132907395e+00 1.707695807177202152e+00
1.705967321511895340e+00 1.648140832532573263e+00
1.698312022121663656e+00 1.675645276187115451e+00
1.736933271537159706e+00 1.703796178903234093e+00
1.631396994202256590e+00 1.852824584166922195e+00
1.648288743656542321e+00 1.807089064633887299e+00
1.598667110961029092e+00 1.732379148315295048e+00
1.610184144031995945e+00 1.791537184494448987e+00
1.627515334380538636e+00 1.752371690407281912e+00
1.675131273111041263e+00 1.757435732931395433e+00
1.733868244554314542e+00 1.785623028285865610e+00
1.723056870263822482e+00 1.819802640172697439e+00
1.707196185916261877e+00 1.847932341579565207e+00
1.653013924991803885e+00 1.863969725184922321e+00
1.654139882810340190e+00 1.849122797037873411e+00
1.690789502200319427e+00 1.776569184389459544e+00
1.673489916142711476e+00 1.891102934493460674e+00
1.701796182541613467e+00 1.902889175236074593e+00
1.657136062284518152e+00 1.948772134558165448e+00
1.654446431767292891e+00 1.950504565467886087e+00
1.636806938166364134e+00 1.874011976863440454e+00
1.671587684564312948e+00 1.810859256112528071e+00
1.762213302091009792e+00 1.706302172008628215e+00
1.742208565618913907e+00 1.741761522472918600e+00
1.736252239420548182e+00 1.728839611131064657e+00
1.694926154521222195e+00 1.720598581764259505e+00
1.694926154521222195e+00 1.720598581764259505e+00
1.694960683568611737e+00 1.726465758085947044e+00
1.708815101544623127e+00 1.714136978223293140e+00
1.743976672495356706e+00 1.671126875060352068e+00
1.717755532732284873e+00 1.611675926108041113e+00
1.767530691232161999e+00 1.564490649694636026e+00
1.792465958352680300e+00 1.538955382270752903e+00
1.784512635157728955e+00 1.588505013774795582e+00
1.784073705294326517e+00 1.578100631705595447e+00
1.823653168172044259e+00 1.557286293774502672e+00
1.739115046763843209e+00 1.605161487339485271e+00
1.747568797915786343e+00 1.600319706108897178e+00
1.759379698739233611e+00 1.599256051164602344e+00
1.760908976591716302e+00 1.553693688032290243e+00
1.804067021328650711e+00 1.549890043086726177e+00
1.781328608368627053e+00 1.572432707350281733e+00
1.777275584513299256e+00 1.616676690835638919e+00
1.858870658676747167e+00 1.575060706131588217e+00
1.918903814506368155e+00 1.522501149495599559e+00
1.929002508656803672e+00 1.509650957938386995e+00
1.899696880507007135e+00 1.516768807155994381e+00
1.840319709453736019e+00 1.545542484287111717e+00
1.791279513832632064e+00 1.559605445934664880e+00
1.817843986629735564e+00 1.476099785222333871e+00
1.785464957300874289e+00 1.441851844876318678e+00
1.795324317145454929e+00 1.484899686306342392e+00
1.777877611377283618e+00 1.483045116881962278e+00
1.772778978678768658e+00 1.575628825986218118e+00
1.795393253517007404e+00 1.579403508494307440e+00
1.799415505743032995e+00 1.648139783847057060e+00
1.755798727396979286e+00 1.650496753608816203e+00
1.731582815537522135e+00 1.680085623713846399e+00
1.750791580388255886e+00 1.675623969264696367e+00
1.755767854380142712e+00 1.637755277609241000e+00
1.750003603515413397e+00 1.662950381474403772e+00
1.715135902543672319e+00 1.739408128591699132e+00
1.674085795269190990e+00 1.696864819358401499e+00
1.675104840652820393e+00 1.704934611173308578e+00
1.676438832686140357e+00 1.723186941570612252e+00
1.680464238362747054e+00 1.705898662429925716e+00
1.696585674603455329e+00 1.680621812555314509e+00
1.700613544689124179e+00 1.710232890852711352e+00
1.714758911346745407e+00 1.755409325489981187e+00
1.586757840995503654e+00 1.793780197931428066e+00
1.589625168213469220e+00 1.846041977361222663e+00
1.605899354376651322e+00 1.799856012891339674e+00
1.633040202931883789e+00 1.757104970878606620e+00
1.654814112817222016e+00 1.708716269679106725e+00
1.748434821785880278e+00 1.762619948906854805e+00
1.741560102598971760e+00 1.824459507495043820e+00
1.696113813397497783e+00 1.833421964883592103e+00
1.646631242617575763e+00 1.874292983298902371e+00
1.662116999283510088e+00 1.916534346437790859e+00
1.666162202461731301e+00 1.824015630171311075e+00
1.669076037865647066e+00 1.875437089862588946e+00
1.644904201811898226e+00 1.939319885879749128e+00
1.668792229334399524e+00 1.895539519385661009e+00
1.634013364123367840e+00 1.972312546405815770e+00
1.633368178930295622e+00 1.946916946789727154e+00
1.684423389385140579e+00 1.808327633757508046e+00
1.702395713911736275e+00 1.720443149905415581e+00
1.753566152581278903e+00 1.713137046355810655e+00
1.729764732188478149e+00 1.714771537468882778e+00
1.694926154521222195e+00 1.720598581764259505e+00
1.694988513662503804e+00 1.728003615060791365e+00
1.697462601922865577e+00 1.724126721778129312e+00
1.698141993486824708e+00 1.711774686390741707e+00
1.702345883333552301e+00 1.707638964671701620e+00
1.713166446055250924e+00 1.686153417221567308e+00
1.718234462852315625e+00 1.659828475561504701e+00
1.765198640851739942e+00 1.557933028046489143e+00
1.784659635670746480e+00 1.558614880785539780e+00
1.783061200364921772e+00 1.584006911069854695e+00
1.796549435863050270e+00 1.587950228027525501e+00
1.795640427920428550e+00 1.523970915857239428e+00
1.740500527020568455e+00 1.606343275095230227e+00
1.754985266522547604e+00 1.592857447292974848e+00
1.791895902663451112e+00 1.578953485315264471e+00
1.787470629732628158e+00 1.584755676996246754e+00
1.826702740507925693e+00 1.532956485862691398e+00
1.784556188208688221e+00 1.621181346352963626e+00
1.857794500954915273e+00 1.543465248477273510e+00
1.899287500108360671e+00 1.519583341421897549e+00
1.936797206264623483e+00 1.473204496960568433e+00
1.925076895074182559e+00 1.520091280136973255e+00
1.837928171787050369e+00 1.522816111683677809e+00
1.825174381431218684e+00 1.526290849401499727e+00
1.781835641139576820e+00 1.524473018783691236e+00
1.802199546850184131e+00 1.470537812072989059e+00
1.795618964358341119e+00 1.488240927785772438e+00
1.808239600427420379e+00 1.604260196814727202e+00
1.799528795984253637e+00 1.598377670254583327e+00
1.787165275540489651e+00 1.541070532594156717e+00
1.747338999616974808e+00 1.649442305439594358e+00
1.766756146696969454e+00 1.655276915599150023e+00
1.724731529401933416e+00 1.631107767210518977e+00
1.757938081861868840e+00 1.620492327872520733e+00
1.737325868014312658e+00 1.621598837209996535e+00
1.734053810207353941e+00 1.627941299473902648e+00
1.694586037865801753e+00 1.718824724489999012e+00
1.690136478541642395e+00 1.708713251650807230e+00
1.653264840567881366e+00 1.698460529369346217e+00
1.673785460896487276e+00 1.676860290698691580e+00
1.678165538379762900e+00 1.712014123482917816e+00
1.685280407351824605e+00 1.712326706471591908e+00
1.692148980439337480e+00 1.723365510481355445e+00
1.627550560332926111e+00 1.877690628546586415e+00
1.617642412451751444e+00 1.812169793553655373e+00
1.580873230812853247e+00 1.854999304609575184e+00
1.596712187756113233e+00 1.832894471529823210e+00
1.657959258399638314e+00 1.756053853016114052e+00
1.735333352441708055e+00 1.706813636349729268e+00
1.724882974704168292e+00 1.754676283388235225e+00
1.725923676810945606e+00 1.826949441028178356e+00
1.704286971964424025e+00 1.869867213150105512e+00
1.653251729481267196e+00 1.916292392960351476e+00
1.656702851331308235e+00 1.857348715448449372e+00
1.652708339227553003e+00 1.899895287990089221e+00
1.650210805864829933e+00 1.881896617415023121e+00
1.705914549506793998e+00 1.895994625950276902e+00
1.649977672512030313e+00 1.933942793395073467e+00
1.620640362416539304e+00 1.909800976486918600e+00
1.692742585385068610e+00 1.867989986825271620e+00
1.699143000317665075e+00 1.793063423061262762e+00
1.687221215557534792e+00 1.728882756457830183e+00
1.702785441466492244e+00 1.701638775099604928e+00
1.693860982363467604e+00 1.720551360252208895e+00
1.697462601922865577e+00 1.724126721778129312e+00
1.690986286360426361e+00 1.717625111828154250e+00
1.690986286360426361e+00 1.717625111828154250e+00
1.698141993486824708e+00 1.711774686390741707e+00
1.707131186855208593e+00 1.691192071874425773e+00
1.693444654432952223e+00 1.680368528096320313e+00
1.710256245044305734e+00 1.695783806011953221e+00
1.752312581905163924e+00 1.572652285239280801e+00
1.785812283119931454e+00 1.589546155993362575e+00
1.781131782729056034e+00 1.596658529366047796e+00
1.771009366312553013e+00 1.582287459842567801e+00
1.743505341904709516e+00 1.639551734985126519e+00
1.759084042197106790e+00 1.639795019924268127e+00
1.845739446204381240e+00 1.604844187552405321e+00
1.819640589169561506e+00 1.598371909926820766e+00
1.826355702086268407e+00 1.617627139179818485e+00
1.849320776130054522e+00 1.560018178930049793e+00
1.781430681474652333e+00 1.567068860890025617e+00
1.897885647545674903e+00 1.516175500869080039e+00
1.918579786243774121e+00 1.455921910141902531e+00
1.896141898895837397e+00 1.456055253200786659e+00
1.894684295936452711e+00 1.519579577111634272e+00
1.858076776064002678e+00 1.516413732326997943e+00
1.768691892145550337e+00 1.535405946413623157e+00
1.818288808488280228e+00 1.455466236241909295e+00
1.849396945204959453e+00 1.590089649569813579e+00
1.822599832503685624e+00 1.598224250894137333e+00
1.798107531499593792e+00 1.563533785570374368e+00
1.783825296792297621e+00 1.550490003643235859e+00
1.710805396756926999e+00 1.639560516703559179e+00
1.720806842951561944e+00 1.625449963399262510e+00
1.740470316859211275e+00 1.635570454076729296e+00
1.717596853638784005e+00 1.627590386225278074e+00
1.688361195254928893e+00 1.607710690792065966e+00
1.743790747263584962e+00 1.636290178140358043e+00
1.773506211453383052e+00 1.654677874668811777e+00
1.721403240402693546e+00 1.642853479219350543e+00
1.681466591992622606e+00 1.660683823731423869e+00
1.683147120778905492e+00 1.682916780505301135e+00
1.639570279328783631e+00 1.688306160403528988e+00
1.641629445626724859e+00 1.694561366904969502e+00
1.667023749232902308e+00 1.650944760066090033e+00
1.672343806582105463e+00 1.722386604909281749e+00
1.637876920859774321e+00 1.832538418614977127e+00
1.621342839869752028e+00 1.819090040228263705e+00
1.589605444201050766e+00 1.804466222011608778e+00
1.556460151948513726e+00 1.818831795072657131e+00
1.569667740113481980e+00 1.864587138359818708e+00
1.739391951442932349e+00 1.761602482781424728e+00
1.747729239644974841e+00 1.719199320768589834e+00
1.721130156671069722e+00 1.838914735792207100e+00
1.708339069175482283e+00 1.883359240062564943e+00
1.657394243829942493e+00 1.926406765836881529e+00
1.653261046907145815e+00 1.911728233199132321e+00
1.663116664741473683e+00 1.889138771888964730e+00
1.636738958862768989e+00 1.894863449424173840e+00
1.647994743843965493e+00 1.911018268351761584e+00
1.655155543370653071e+00 1.901691113568849678e+00
1.622509176293988720e+00 1.890078363837414344e+00
1.676514175932024342e+00 1.840725595127844949e+00
1.705219305953226794e+00 1.862084405923662978e+00
1.713281379919479042e+00 1.735280232088942665e+00
1.665955951933499879e+00 1.722412260305668186e+00
1.699478737076404622e+00 1.707291805661713013e+00
1.690986286360426361e+00 1.717625111828154250e+00
1.690986286360426361e+00 1.717625111828154250e+00
1.690986286360426361e+00 1.717625111828154250e+00
1.690986286360426361e+00 1.717625111828154250e+00
1.698141993486824708e+00 1.711774686390741707e+00
1.679883225563385318e+00 1.709717676133921671e+00
1.681093311403998980e+00 1.691239794988557810e+00
1.772807826064542125e+00 1.639600572358449471e+00
1.786558838938495430e+00 1.546118417875939954e+00
1.794390114079007725e+00 1.610761997571650950e+00
1.796471309983558307e+00 1.586516669176541106e+00
1.746276284257821221e+00 1.620002068961945429e+00
1.754053466720526755e+00 1.656064733780487463e+00
1.783889017368505803e+00 1.643301821858334177e+00
1.845109886413060174e+00 1.590609381984409820e+00
1.859120884514268601e+00 1.572568673511273385e+00
1.844557242429827548e+00 1.607175523633755931e+00
1.855860456616117649e+00 1.530212767795963158e+00
1.836669255613281093e+00 1.548646570897093344e+00
1.831963212897953497e+00 1.449520132535158101e+00
1.908917637741909479e+00 1.450250020373510917e+00
1.878938157957157573e+00 1.500823751173910203e+00
1.825127305672206379e+00 1.512063303250163360e+00
1.748249267552367758e+00 1.510755311661395650e+00
1.762287060533739735e+00 1.473532888788724016e+00
1.855486862648327184e+00 1.545911032625421067e+00
1.788042149119983604e+00 1.597901600588498949e+00
1.762524925831033151e+00 1.578990602179218605e+00
1.711894629265885426e+00 1.584423516573726598e+00
1.739933041474222453e+00 1.619797251038132657e+00
1.697860791956457227e+00 1.607054668848896695e+00
1.707051556955804905e+00 1.622351533560951742e+00
1.690124856416764132e+00 1.609057830660102661e+00
1.706975531103030352e+00 1.644966953457024372e+00
1.732460374282126070e+00 1.662623859102833945e+00
1.740891974051697932e+00 1.685622698160826882e+00
1.730974672132519210e+00 1.658296197710169340e+00
1.685822178891570600e+00 1.664250507926921196e+00
1.651098565572781895e+00 1.640935917493178797e+00
1.669021697830669115e+00 1.676167117001670759e+00
1.643150778010863400e+00 1.679831487744268159e+00
1.591141399151915214e+00 1.653969906220722041e+00
1.614830740666411746e+00 1.810024719465965326e+00
1.618269902015549100e+00 1.848749912843096865e+00
1.585862677857276193e+00 1.762487815046970052e+00
1.555939786569412231e+00 1.835829756534034241e+00
1.562399938555622647e+00 1.845968301887586982e+00
1.638136833852990470e+00 1.826362607728033272e+00
1.727219676230813628e+00 1.813753124276500150e+00
1.719915084762632773e+00 1.862586156077109090e+00
1.705944132119752599e+00 1.909900317229049183e+00
1.701088058228965583e+00 1.922778634957085009e+00
1.649785484247904277e+00 1.942222512033550341e+00
1.643575682124868376e+00 1.889102856146299469e+00
1.649921773277453152e+00 1.924742859152429819e+00
1.668410936021866631e+00 1.922865701696794494e+00
1.658125840624228520e+00 1.941755231003533755e+00
1.617654831925547043e+00 1.883366685571496113e+00
1.651840353867261246e+00 1.835546143290131216e+00
1.683317992889943771e+00 1.843797624725700635e+00
1.689896611363910006e+00 1.817424157749708336e+00
1.664255680398887938e+00 1.721609893973160776e+00
1.703220526151220104e+00 1.685526771302093829e+00
1.690986286360426361e+00 1.717625111828154250e+00
1.690986286360426361e+00 1.717625111828154250e+00
1.690986286360426361e+00 1.717625111828154250e+00
1.690986286360426361e+00 1.717625111828154250e+00
1.690986286360426361e+00 1.717625111828154250e+00
1.695126606315392470e+00 1.697778345321136362e+00
1.679682199344040727e+00 1.697682677920580030e+00
1.681604497478558002e+00 1.697465653002272479e+00
1.750497360322452511e+00 1.639392690602879732e+00
1.795310235275141997e+00 1.576779872150102735e+00
1.804711380078138250e+00 1.602628750289395221e+00
1.744101393821970936e+00 1.645657980878783899e+00
1.749639244648388159e+00 1.619077622024740259e+00
1.750812030234790484e+00 1.644758134295981611e+00
1.862139297874840782e+00 1.587798879826805232e+00
1.871812419088965118e+00 1.551360949696357183e+00
1.865588974993713123e+00 1.583331426459608338e+00
1.832756234483746027e+00 1.583792381464965926e+00
1.848346074387865912e+00 1.520463351264184748e+00
1.841818028449858868e+00 1.496850661760745105e+00
1.863873514398006748e+00 1.397799348890813365e+00
1.875982420132451534e+00 1.456364164068024936e+00
1.859579433725331521e+00 1.527759710734893472e+00
1.771071388310897277e+00 1.480093608332847310e+00
1.763292432022196099e+00 1.506604932500820837e+00
1.815097308583568658e+00 1.529170840967353229e+00
1.767831246665690470e+00 1.589542720723471581e+00
1.781628801895331016e+00 1.663094686192613691e+00
1.771649103176192064e+00 1.627065586634782290e+00
1.715286324773581894e+00 1.623717291328393042e+00
1.700634035807344402e+00 1.603442323225091393e+00
1.701313967808709915e+00 1.599380892665355880e+00
1.725527913114258016e+00 1.628502831161210418e+00
1.733756441885841992e+00 1.627991857387019126e+00
1.695828566296388562e+00 1.622089910089915765e+00
1.741652609413044894e+00 1.610116252942417781e+00
1.746526214537244881e+00 1.652556173262362815e+00
1.711939688336957976e+00 1.696820622778101306e+00
1.705650564756040044e+00 1.668715527850510139e+00
1.687355911850142665e+00 1.655802630968516320e+00
1.677448686881408468e+00 1.642797345358547823e+00
1.643987666033458694e+00 1.689400350203210222e+00
1.612520764952323216e+00 1.676015205522942697e+00
1.651538704661865919e+00 1.712604254194345588e+00
1.594677213594913878e+00 1.828019572428545070e+00
1.594353383753578823e+00 1.742661870859343543e+00
1.574489368852068694e+00 1.720260032827598984e+00
1.535462226524322293e+00 1.795022646088028750e+00
1.656367288942524052e+00 1.857989688916019011e+00
1.660612624663168280e+00 1.859696664091292861e+00
1.713812538585528955e+00 1.848187596900076723e+00
1.702949918967904486e+00 1.879601386905751736e+00
1.706769920142378938e+00 1.921936234677549260e+00
1.668310430682731660e+00 1.954631016676975808e+00
1.645453301043624972e+00 1.927830193951965754e+00
1.635121657755796321e+00 1.932030758377712765e+00
1.652081496732353161e+00 1.945344047028600976e+00
1.687628960869740791e+00 1.922657118022062628e+00
1.613131029805424665e+00 1.870806314966832584e+00
1.681895569180426930e+00 1.812710545693981379e+00
1.676520767818821644e+00 1.832847500342792202e+00
1.693861229174669525e+00 1.823605124604217309e+00
1.694307160795354150e+00 1.787125995268184164e+00
1.670880654374646390e+00 1.731924853050432977e+00
1.700460504242378601e+00 1.678350891151811686e+00
1.690986286360426361e+00 1.717625111828154250e+00
1.690986286360426361e+00 1.717625111828154250e+00
1.690986286360426361e+00 1.717625111828154250e+00
1.690986286360426361e+00 1.717625111828154250e+00
1.702917381548155307e+00 1.695323196937045029e+00
1.694918428404676991e+00 1.686312763397152636e+00
1.680547912091372220e+00 1.718528632315406535e+00
1.672343409114994905e+00 1.727698993800252270e+00
1.759304169715510735e+00 1.668029391962905450e+00
1.808982980145859232e+00 1.597174273659506705e+00
1.798343116368704697e+00 1.620368323738959671e+00
1.746258040674365297e+00 1.600059911493617815e+00
1.716694692698031988e+00 1.650212953245481007e+00
1.806397671174155395e+00 1.640997041130837886e+00
1.917582955091501784e+00 1.555888554983219096e+00
1.847082376880777810e+00 1.595038342876845538e+00
1.872218173192346402e+00 1.591163171873541948e+00
1.818439850361783794e+00 1.533210768482288877e+00
1.825109718205893516e+00 1.463241133864840338e+00
1.842379789695416381e+00 1.422700537355257699e+00
1.867135512365953431e+00 1.432415712979103084e+00
1.878588493966214523e+00 1.464567812275420655e+00
1.790645964946950608e+00 1.493385328212079255e+00
1.785378634879827286e+00 1.500804230728329358e+00
1.787084279401541131e+00 1.588461812737812284e+00
1.831223528327472261e+00 1.598256312856032979e+00
1.811446495527076817e+00 1.645552733462829931e+00
1.773509248751461209e+00 1.678882588541530607e+00
1.752495108518739908e+00 1.631290329545438844e+00
1.763474385586975890e+00 1.627974938593360843e+00
1.712006720613705291e+00 1.631401965914248464e+00
1.720229156530086678e+00 1.619678038037045020e+00
1.706163197801801923e+00 1.624697857479852292e+00
1.692591635712951570e+00 1.615921920108394305e+00
1.735002699244173607e+00 1.655044909941387532e+00
1.746001422014749949e+00 1.663618317901000898e+00
1.734273064866378000e+00 1.665514237170921730e+00
1.698871806800431816e+00 1.645509928919782539e+00
1.702871754049134934e+00 1.662180615195610223e+00
1.642273100022775711e+00 1.651487749977168074e+00
1.622512560950216898e+00 1.731224234823890873e+00
1.592287186035174607e+00 1.697599585248674270e+00
1.580005894946812539e+00 1.756280516277855863e+00
1.574019691406289834e+00 1.748602328456013710e+00
1.568734865262049860e+00 1.718129325812762342e+00
1.538104952453891006e+00 1.756571085155528955e+00
1.615119192955751792e+00 1.822978769150331857e+00
1.640592773008288763e+00 1.856853255427675098e+00
1.663716449900720207e+00 1.846382725146010317e+00
1.685516855707078765e+00 1.865598184687251804e+00
1.700451493829806759e+00 1.958319547535401606e+00
1.685393672906040141e+00 1.956026043646425405e+00
1.654309336344332193e+00 1.922903909304693792e+00
1.592047732251656633e+00 1.999683515417304491e+00
1.649261935891155106e+00 1.952277274963506670e+00
1.679726771619755699e+00 1.900240640341007481e+00
1.673074826798788273e+00 1.838223253528296741e+00
1.649687754480928747e+00 1.781882067448684381e+00
1.655837918916486240e+00 1.811781243250311979e+00
1.674039931685849636e+00 1.813743950023817275e+00
1.692261411628212864e+00 1.818531022384729523e+00
1.660470830047285462e+00 1.817813769666386525e+00
1.667593282833007562e+00 1.708747325973467568e+00
1.694040102064358289e+00 1.699706236775259782e+00
1.690986286360426361e+00 1.717625111828154250e+00
1.690986286360426361e+00 1.717625111828154250e+00
1.690986286360426361e+00 1.717625111828154250e+00
1.690986286360426361e+00 1.717625111828154250e+00
1.694918428404676991e+00 1.686312763397152636e+00
1.672194818893649737e+00 1.716092012254086807e+00
1.676056222424798348e+00 1.707023296503970666e+00
1.728089672751774941e+00 1.696465079978233481e+00
1.786956233989019260e+00 1.606035622478140690e+00
1.806903190250141344e+00 1.609409456137542715e+00
1.746111535666626802e+00 1.634013903344410323e+00
1.748859498319862871e+00 1.617195709006852278e+00
1.741472566344085537e+00 1.653292409434485410e+00
1.832824084497355122e+00 1.564280524817561524e+00
1.864011487090941666e+00 1.553025583074177485e+00
1.845994862655844226e+00 1.575693750776955504e+00
1.856961799071358943e+00 1.572316775112643894e+00
1.875136160948426500e+00 1.490375345751559388e+00
1.832518716377564028e+00 1.409897812613618573e+00
1.879414703990138769e+00 1.395178654182903877e+00
1.861015835388833528e+00 1.433448937810556156e+00
1.807298029396142036e+00 1.489944243401027268e+00
1.815993557071297060e+00 1.553120745955371085e+00
1.816457646622800626e+00 1.581033830983471500e+00
1.857801133611185262e+00 1.583016429882740050e+00
1.817946348405027335e+00 1.656654951102781270e+00
1.771043536797970663e+00 1.686006233400792143e+00
1.748544243628268102e+00 1.694030148891541909e+00
1.761193491191274774e+00 1.701384871322880521e+00
1.718660424011627885e+00 1.695412776436518554e+00
1.717189410918023684e+00 1.644324136571562622e+00
1.724231802261900759e+00 1.642786091969116624e+00
1.711343066157551940e+00 1.627810999039164930e+00
1.707361529885016216e+00 1.596141501880563585e+00
1.701656268142713868e+00 1.651296776430357660e+00
1.770120402298142048e+00 1.662523577528841390e+00
1.749906603152644902e+00 1.659074319285073651e+00
1.697657022708464192e+00 1.674748296867073494e+00
1.695697200020589879e+00 1.653858307447054532e+00
1.647981028153710170e+00 1.653923601524246445e+00
1.627308479083524384e+00 1.637899934608760821e+00
1.619775473461559034e+00 1.670243708130288773e+00
1.548682869988277533e+00 1.775384788471722430e+00
1.548124887790343518e+00 1.769561224145434375e+00
1.530375531368141084e+00 1.701837385885324183e+00
1.570723256187963601e+00 1.685569817579844143e+00
1.554795636965972561e+00 1.772362845719555713e+00
1.618661380575721953e+00 1.823739089531179802e+00
1.633783125907668721e+00 1.942311002961736532e+00
1.647754993485250674e+00 1.849331610958415917e+00
1.672683595641062393e+00 1.917213095348451635e+00
1.672717824971188927e+00 1.989604107812245948e+00
1.660472997826692332e+00 1.980501707915531151e+00
1.625617045180196119e+00 1.935920705885374904e+00
1.611657423317554683e+00 1.901902364086763164e+00
1.668984428645379658e+00 1.920478785178014070e+00
1.685960671933580013e+00 1.858762201699798444e+00
1.580998288874338797e+00 1.868797155854296843e+00
1.677375702410057290e+00 1.796022439417221728e+00
1.677102775176362526e+00 1.796196883129573374e+00
1.692261411628212864e+00 1.818531022384729523e+00
1.661326578618461669e+00 1.799136571923914962e+00
1.642231083924047041e+00 1.739998330902244650e+00
1.662273983439969793e+00 1.708519388512151460e+00
1.690986286360426361e+00 1.717625111828154250e+00
1.690986286360426361e+00 1.717625111828154250e+00
1.690986286360426361e+00 1.717625111828154250e+00
1.690986286360426361e+00 1.717625111828154250e+00
1.693795813954561913e+00 1.708582887165668529e+00
1.688881602345251531e+00 1.691609423674492296e+00
1.666625461305287326e+00 1.725610529149198102e+00
1.671981162110469654e+00 1.717456819043074789e+00
1.741302937674735096e+00 1.708094458983102637e+00
1.813662949694264226e+00 1.564022325357399046e+00
1.796159402955536999e+00 1.645176023804762577e+00
1.743138506814486677e+00 1.607892861788064343e+00
1.667516268883645125e+00 1.618729679935838162e+00
1.763711432009022806e+00 1.602792251435609883e+00
1.865033764731359511e+00 1.573316867525078822e+00
1.866721835456064627e+00 1.574334618479584780e+00
1.850398535729925520e+00 1.559984350445430268e+00
1.875813300932148264e+00 1.550992683564697439e+00
1.869257951142749175e+00 1.431209043192740005e+00
1.892279833975257342e+00 1.349300676883533834e+00
1.862610368576312903e+00 1.406484716770038723e+00
1.832301096537452656e+00 1.441618482077926089e+00
1.820771607537179371e+00 1.562714065362080129e+00
1.841255378442728574e+00 1.627139020342458275e+00
1.830202309135003480e+00 1.612029566851323592e+00
1.873494991769022899e+00 1.601328162170859049e+00
1.760514432780740268e+00 1.647340547376302089e+00
1.757946467689870840e+00 1.638547748055901421e+00
1.740966861572074365e+00 1.678620288084426315e+00
1.789400421967020538e+00 1.665387299014823075e+00
1.746222567050667474e+00 1.685170499774276465e+00
1.723158022193572059e+00 1.636752162996300219e+00
1.716953952107561410e+00 1.600794386786418499e+00
1.701322120348538025e+00 1.603625327481431606e+00
1.732688088434659823e+00 1.641217321035261856e+00
1.772471772772617804e+00 1.652591327367875840e+00
1.746678793869098190e+00 1.669037992431017248e+00
1.723596716406973428e+00 1.655908654400788382e+00
1.648296136018041480e+00 1.638470626484460846e+00
1.587084605892285838e+00 1.646356236479099566e+00
1.615229381051011437e+00 1.630920478436642451e+00
1.604577077802582741e+00 1.662655403679486721e+00
1.543056905606495777e+00 1.772100819837430841e+00
1.556161281421032605e+00 1.723476223257706108e+00
1.535922401941820947e+00 1.675819420644559576e+00
1.616987396900195106e+00 1.746249922862829873e+00
1.579380736629101945e+00 1.800518927232658939e+00
1.624520350511748257e+00 1.910750777682096668e+00
1.629362201559642731e+00 1.856467750337387201e+00
1.618519949517409851e+00 1.923946168356194919e+00
1.667681056750220714e+00 1.968107196430364914e+00
1.675409341696789900e+00 1.964229625005021074e+00
1.615908691354595694e+00 1.953634417453885108e+00
1.574985776866973497e+00 1.928067715502158830e+00
1.657025148230527378e+00 1.926195019656041785e+00
1.672246670928693169e+00 1.876688784346035366e+00
1.634776294538224706e+00 1.800723357414965031e+00
1.707299221204861661e+00 1.770898275663036259e+00
1.670573421504270017e+00 1.782157834604792823e+00
1.682289980518910433e+00 1.807734690447088788e+00
1.689591438273578605e+00 1.826769979479311079e+00
1.662010059508447268e+00 1.796883531127281053e+00
1.636292753603991512e+00 1.684635591316427261e+00
1.694815949252156617e+00 1.687026048217800334e+00
1.688634060747381094e+00 1.716318544899565923e+00
1.690986286360426361e+00 1.717625111828154250e+00
1.690986286360426361e+00 1.717625111828154250e+00
1.690986286360426361e+00 1.717625111828154250e+00
1.681613661633658552e+00 1.697352193323943936e+00
1.672194818893649737e+00 1.716092012254086807e+00
1.676533929610890317e+00 1.725117800658966472e+00
1.683146255869641505e+00 1.772997929153844909e+00
1.799884252816548846e+00 1.583425069597062862e+00
1.784673203560199761e+00 1.624911939983793241e+00
1.753423712430983494e+00 1.645538727790337719e+00
1.683611708562168463e+00 1.631125355187312387e+00
1.683475850353340020e+00 1.638828864390381002e+00
1.811770896821028876e+00 1.536426048496957630e+00
1.846216784797632515e+00 1.566841132310876628e+00
1.869227580455013138e+00 1.575048591843736689e+00
1.890056335862476233e+00 1.538359651176280485e+00
1.913088231291609764e+00 1.500423978180216000e+00
1.851127157231604370e+00 1.427629514393137899e+00
1.903183872706169177e+00 1.403211255163143267e+00
1.890771193163596431e+00 1.456852429497702772e+00
1.829475010658776490e+00 1.505802650177980651e+00
1.854940113461154949e+00 1.603198111220667466e+00
1.868405171391232633e+00 1.566918750627132484e+00
1.885899395882364216e+00 1.555437719521661100e+00
1.769033642608314860e+00 1.665127269048095826e+00
1.762657857382627036e+00 1.666467153013243774e+00
1.762144188278074397e+00 1.646713124099924874e+00
1.785999092206761230e+00 1.654999715920053793e+00
1.754801658288412503e+00 1.683619985459308577e+00
1.736216986240303628e+00 1.694278031569065757e+00
1.752515202199564914e+00 1.680623807205572584e+00
1.725555031289550900e+00 1.648382718030844130e+00
1.706952272418985173e+00 1.617011769639735252e+00
1.729394718288167709e+00 1.638353437917717148e+00
1.750234743982348462e+00 1.663100894150620901e+00
1.779491002216997186e+00 1.657359753855283113e+00
1.727952232138086686e+00 1.691669503323320889e+00
1.679703706323823598e+00 1.652986060480919672e+00
1.658418247642703847e+00 1.643223093182203165e+00
1.584531950108133636e+00 1.646794451785148494e+00
1.583340023733778246e+00 1.625016943106573741e+00
1.563259540611740661e+00 1.776591353788410155e+00
1.566270211596210160e+00 1.727513668310005190e+00
1.525295147722066424e+00 1.717195648340211767e+00
1.548186250365781280e+00 1.688062573301280400e+00
1.605552622657553385e+00 1.775389541568406893e+00
1.560039195688564639e+00 1.870504190321607974e+00
1.626527421544147201e+00 1.912060697254523101e+00
1.608596690017503050e+00 1.817899131137455937e+00
1.608642793773835011e+00 1.955747052449141155e+00
1.645928612164302640e+00 1.967891903468047543e+00
1.630322764711488848e+00 1.971406106903065281e+00
1.589615758000328283e+00 2.047736303581178863e+00
1.633373528247376916e+00 1.892388547415427391e+00
1.653338445355814867e+00 1.884448605571608537e+00
1.667162105449921050e+00 1.855294062855753934e+00
1.633486244595500514e+00 1.820264612945227123e+00
1.705857124547103476e+00 1.793068318988639831e+00
1.676712996757845131e+00 1.786838387482931667e+00
1.687354072851966924e+00 1.800882907788850185e+00
1.668916632129531452e+00 1.795001643409682268e+00
1.668483727533369043e+00 1.771847783267189058e+00
1.636790344582644829e+00 1.705599420174324310e+00
1.686399251753290196e+00 1.701040360760578629e+00
1.684426534345851989e+00 1.719905805037709401e+00
1.688634060747381094e+00 1.716318544899565923e+00
1.690986286360426361e+00 1.717625111828154250e+00
1.687652439326945641e+00 1.692057089995470776e+00
1.697749272708481305e+00 1.693229434975242143e+00
1.676584658507610959e+00 1.726775024423709004e+00
1.686752338611456681e+00 1.733049762351002832e+00
1.756629959912795247e+00 1.676874986206205564e+00
1.773846993983210663e+00 1.577417344284037570e+00
1.780957498695257435e+00 1.664604151044656977e+00
1.708363889958147919e+00 1.602485136457607151e+00
1.700529586602277377e+00 1.610824684172964760e+00
1.736045420967907704e+00 1.557306424787143539e+00
1.870847467802619013e+00 1.579934312527391693e+00
1.866832608648452796e+00 1.581707078488156615e+00
1.850899688275681410e+00 1.558386438522799677e+00
1.956352486752119813e+00 1.523050681495837333e+00
1.916096643902736263e+00 1.422819659439297890e+00
1.823241650743558928e+00 1.458808778050203925e+00
1.919809858422226512e+00 1.404203512433649381e+00
1.854375087931981581e+00 1.462440967849865325e+00
1.866224396885999059e+00 1.585736944475504506e+00
1.883333575577463170e+00 1.565539999441533547e+00
1.831686145435733160e+00 1.595607575404751177e+00
1.805991816138551975e+00 1.648496715615545005e+00
1.750423891794720799e+00 1.687844111532001978e+00
1.767703207218497941e+00 1.675797346816564781e+00
1.784881423803437173e+00 1.679285192614267785e+00
1.777576936999777146e+00 1.666762068360525761e+00
1.717294376835222458e+00 1.691056251770559848e+00
1.744914594084227666e+00 1.694824935554170242e+00
1.692858824539993812e+00 1.638565783314151814e+00
1.670436133003727175e+00 1.647026343044004637e+00
1.707982499465344306e+00 1.670848707136785460e+00
1.766306929366893153e+00 1.684374000412534267e+00
1.762992210395512016e+00 1.659503047551279753e+00
1.703741858613278204e+00 1.650927990825522773e+00
1.673262792625294315e+00 1.640049385140582627e+00
1.652288139358809138e+00 1.616473125117794618e+00
1.577471604118771964e+00 1.643388956869107353e+00
1.541045048546271223e+00 1.687321824410544346e+00
1.541624792759589857e+00 1.779718859209003190e+00
1.565511675685729243e+00 1.718168628183677438e+00
1.554817779361969521e+00 1.704504789778366947e+00
1.512665157816007300e+00 1.734793499608047851e+00
1.587756025947978156e+00 1.865636741058130044e+00
1.581722431558222564e+00 1.866595036125095142e+00
1.637198637193379547e+00 1.847146180665226733e+00
1.572183339222484433e+00 1.882343173731406250e+00
1.609963009648557986e+00 1.971670279237783596e+00
1.652471888810914447e+00 1.948740836377144792e+00
1.634418334277000451e+00 1.977754427304762697e+00
1.581150951184374875e+00 1.907762213181912747e+00
1.641091831963747527e+00 1.896969493884560043e+00
1.636999139742501663e+00 1.860711956754108831e+00
1.690572274920148166e+00 1.752319474215844775e+00
1.655207016624465677e+00 1.807927829306528622e+00
1.723889475968315432e+00 1.768323004023433009e+00
1.682422785141113986e+00 1.798062822259258287e+00
1.672371412418836023e+00 1.822621798089198331e+00
1.660973599972899395e+00 1.804558986248196772e+00
1.650222509658720638e+00 1.737133918335589611e+00
1.636790344582644829e+00 1.705599420174324310e+00
1.688828847017133983e+00 1.726407890471123086e+00
1.684426534345851989e+00 1.719905805037709401e+00
1.684426534345851989e+00 1.719905805037709401e+00
1.686627172661892660e+00 1.723612733627131854e+00
1.683799930740581763e+00 1.703810233945840524e+00
1.676584658507610959e+00 1.726775024423709004e+00
1.704589100875500307e+00 1.762232958363580959e+00
1.691577001686053405e+00 1.774095750727925358e+00
1.732017849378792551e+00 1.663557466698888820e+00
1.728362347990794579e+00 1.647359071940748265e+00
1.709617740147560738e+00 1.632913520841151378e+00
1.674845835397427596e+00 1.622294252223464017e+00
1.728527910819093627e+00 1.550620449358858233e+00
1.766742248143821747e+00 1.540989169906040956e+00
1.854060553616412976e+00 1.566545862829324953e+00
1.862894978394707968e+00 1.568263606052957782e+00
1.910625354633909145e+00 1.546471370793321753e+00
1.953644375137320699e+00 1.445323430846833013e+00
1.893315679271098118e+00 1.446220633522542487e+00
1.900246259491132017e+00 1.420696777871832683e+00
1.893138231921358994e+00 1.363272740417242224e+00
1.863450876137687784e+00 1.555025266968809827e+00
1.905887871554634794e+00 1.590832320030320712e+00
1.848106449268036799e+00 1.610887043628982385e+00
1.838899877075867551e+00 1.626955818775070783e+00
1.735518792100606777e+00 1.671119577205392615e+00
1.753593855594251849e+00 1.659649655194445739e+00
1.772639278108462779e+00 1.676304091721429357e+00
1.789771900067691046e+00 1.660288666479875275e+00
1.706608313132576438e+00 1.679962390068592049e+00
1.716208286545857442e+00 1.683838490888889705e+00
1.707390789638024930e+00 1.633745529059356105e+00
1.704983434109792473e+00 1.636659919232085869e+00
1.693465617019357827e+00 1.653187520167902269e+00
1.690808791526493104e+00 1.686502707985238159e+00
1.747826007542307325e+00 1.659707191128651393e+00
1.758279969913744134e+00 1.685425972715066667e+00
1.749200213497809075e+00 1.662244239953002856e+00
1.690873295576901469e+00 1.647960799215013150e+00
1.660424376805248015e+00 1.622228671693845881e+00
1.613854791975126268e+00 1.612742447845311178e+00
1.587463062736684583e+00 1.627791208868747175e+00
1.515879704670846539e+00 1.707165029970648007e+00
1.564332347364267406e+00 1.728609703426320365e+00
1.572895153306621330e+00 1.721528738579001683e+00
1.560342205867311760e+00 1.688676645680154076e+00
1.511424629420295318e+00 1.787359930645695538e+00
1.596396875905483848e+00 1.873655799305711911e+00
1.604616547244630764e+00 1.883230669828633852e+00
1.636821481980935689e+00 1.890400706708106116e+00
1.564030957165639890e+00 1.954062007113845922e+00
1.600153312984014198e+00 1.974278640532049378e+00
1.589741673290799184e+00 1.993915503477390549e+00
1.594319502559039758e+00 2.004707510762652856e+00
1.634816091848316333e+00 1.865333186991201764e+00
1.620110836509260910e+00 1.876470590168951569e+00
1.679230216806892217e+00 1.790906225664642193e+00
1.630398901570531578e+00 1.774296110085722411e+00
1.694824284914316248e+00 1.815706845710886252e+00
1.667521129864810270e+00 1.787391395656437787e+00
1.690290257565777665e+00 1.784650479880687035e+00
1.671495423601560892e+00 1.773134823968085749e+00
1.668483727533369043e+00 1.771847783267189058e+00
1.647149291023015660e+00 1.721167699233731030e+00
1.683108111072682878e+00 1.686062775682674264e+00
1.688828847017133983e+00 1.726407890471123086e+00
1.684426534345851989e+00 1.719905805037709401e+00
1.684426534345851989e+00 1.719905805037709401e+00
1.679223849408937319e+00 1.696068477503732019e+00
1.688350524225260330e+00 1.707958870619384673e+00
1.700310396102402866e+00 1.755626576539445427e+00
1.691969109680522054e+00 1.745253678898254446e+00
1.717509863166166939e+00 1.745255177699972293e+00
1.715468722246570543e+00 1.596265912071423765e+00
1.721447013820971650e+00 1.646686718980933550e+00
1.683843584141565541e+00 1.600484708903580522e+00
1.729074692535300439e+00 1.544987818873401197e+00
1.723943854213159765e+00 1.548031226587734510e+00
1.853319952537060722e+00 1.586162881331811825e+00
1.864754687185968152e+00 1.562791227074584510e+00
1.847291201205788491e+00 1.566241949903176112e+00
1.932782814430514806e+00 1.474414382278271152e+00
1.935738905732020898e+00 1.445103697624528616e+00
1.871416559642264499e+00 1.448857217980993983e+00
1.867310237948861085e+00 1.377671596737043203e+00
1.864683923702510127e+00 1.488324520302811926e+00
1.848654559801309771e+00 1.569679386122526221e+00
1.861712845810159500e+00 1.598706852776973220e+00
1.833965486622461061e+00 1.662215991927182612e+00
1.802438208962961808e+00 1.643582776032088688e+00
1.732421687690610446e+00 1.655315818704620634e+00
1.765278687152192605e+00 1.640207208044324627e+00
1.788747493021812351e+00 1.673875106948805147e+00
1.768810451099623204e+00 1.655969811490560994e+00
1.700993780424580715e+00 1.680870034786347222e+00
1.731113693457335012e+00 1.658743708720010757e+00
1.692636437102182922e+00 1.658851266062614460e+00
1.718235110515386577e+00 1.675710717186296828e+00
1.704978753260235846e+00 1.687993651289626085e+00
1.744005254533632643e+00 1.666336536184685801e+00
1.775178701612113219e+00 1.675177062595979649e+00
1.741330770077185175e+00 1.653932838836928987e+00
1.656304955015483360e+00 1.631462548331541251e+00
1.667859271060855075e+00 1.604023868929542518e+00
1.636342105677909053e+00 1.603939448692647929e+00
1.564170355578844873e+00 1.684193843818453384e+00
1.545511898399270612e+00 1.682499694293247083e+00
1.565066437229263530e+00 1.707289148495039877e+00
1.546582249818739596e+00 1.705332918324818703e+00
1.537085662236078454e+00 1.744718015997046789e+00
1.537302664092891735e+00 1.795515014887806515e+00
1.539557475145312493e+00 1.876638761717732251e+00
1.620492332693725279e+00 1.887977383368506068e+00
1.626088293715977739e+00 1.921283629117997105e+00
1.613722525119168916e+00 1.975979223512125182e+00
1.607556720322577570e+00 1.951709329100721035e+00
1.620635118447087297e+00 1.960223678343261167e+00
1.581520280290712899e+00 1.953229348688369393e+00
1.635767254403066584e+00 1.886491389470620117e+00
1.682618022583393103e+00 1.814868069395653594e+00
1.680811763156466299e+00 1.734872274022236871e+00
1.638664884205995653e+00 1.789497077642381972e+00
1.708046016861732630e+00 1.802413804999981384e+00
1.685019614990787895e+00 1.786226669043506687e+00
1.676116974870994758e+00 1.806608451853940478e+00
1.679347667955900292e+00 1.776892626586699997e+00
1.650222509658720638e+00 1.737133918335589611e+00
1.645485033201292469e+00 1.699377731086280097e+00
1.670461458563551771e+00 1.696671760156157394e+00
1.688828847017133983e+00 1.726407890471123086e+00
1.684426534345851989e+00 1.719905805037709401e+00
1.689036669806795565e+00 1.694590157433756072e+00
1.710421784210492735e+00 1.705889497769721874e+00
1.689699851847455969e+00 1.726061683783749467e+00
1.701997322262875478e+00 1.774789219457350686e+00
1.710306932301783656e+00 1.728696251384383542e+00
1.686308644716193461e+00 1.667975163418263351e+00
1.717043774945364198e+00 1.636019311240161311e+00
1.633578565038693142e+00 1.626820940694984285e+00
1.747917519913698037e+00 1.554385730760386997e+00
1.721746931690841143e+00 1.544841441884713396e+00
1.767177905725989540e+00 1.578017791950641513e+00
1.829511782090028849e+00 1.574818647374636171e+00
1.878823345272245149e+00 1.559908103648496303e+00
1.904698167640233475e+00 1.564796478701514726e+00
1.934914553247644831e+00 1.444407894346527055e+00
1.952309562163146328e+00 1.400949475655190568e+00
1.841788080751521228e+00 1.441851267377901813e+00
1.902964412516643611e+00 1.448358893870827391e+00
1.885290399483916746e+00 1.599946751265911127e+00
1.857291052066296189e+00 1.636750263924623416e+00
1.834976018212975069e+00 1.646636197500338517e+00
1.821096952637671462e+00 1.624934115540406232e+00
1.757123119952482160e+00 1.653615711155499213e+00
1.750249991895234780e+00 1.652299848403764315e+00
1.782619560797771507e+00 1.660237489711061887e+00
1.765793252028734939e+00 1.646813884746379131e+00
1.713091613375523181e+00 1.690103626785777857e+00
1.726211987103545509e+00 1.657603654744281840e+00
1.689568877009588022e+00 1.629990755848921946e+00
1.680284943221311611e+00 1.652099143477234744e+00
1.684333445952448827e+00 1.675805108430477031e+00
1.710017037849087762e+00 1.688407836410592333e+00
1.710824336531287848e+00 1.707029410992976892e+00
1.743725796881514301e+00 1.673021769978418449e+00
1.770715766338214481e+00 1.668255378453456617e+00
1.723439104880328809e+00 1.653294362314045918e+00
1.665433801095593136e+00 1.622668338506528585e+00
1.633278672526614184e+00 1.608565993450752796e+00
1.615551540498967098e+00 1.623804039783663944e+00
1.554910163811314083e+00 1.700959213482755361e+00
1.533361093587581436e+00 1.725695981624736586e+00
1.560873452705328290e+00 1.719667973813072237e+00
1.534000985514651250e+00 1.690555118425617342e+00
1.531381678400325352e+00 1.754478688861244251e+00
1.555091828152398437e+00 1.853463520627873562e+00
1.545182943746488791e+00 1.865825496465256084e+00
1.604098099386173093e+00 1.872655009659256020e+00
1.581249052447402992e+00 1.941930432539153095e+00
1.582166149798511778e+00 1.968794647655362606e+00
1.601605475228354614e+00 1.959748784214361716e+00
1.614251006917050590e+00 1.992439669785360357e+00
1.639187206387606510e+00 1.921718343245319760e+00
1.619864403960800336e+00 1.872036790124038452e+00
1.656518507146626407e+00 1.781325741465550339e+00
1.628344100164093033e+00 1.755686760005557678e+00
1.628117354803464423e+00 1.814482814501664931e+00
1.683848595031271378e+00 1.759790623672659260e+00
1.667947615365790615e+00 1.797208560814534062e+00
1.669173178805202218e+00 1.769153451645156805e+00
1.677376158642839066e+00 1.761572612101588886e+00
1.640098172866483628e+00 1.738132103221343705e+00
1.666562547274304640e+00 1.681890713892780553e+00
1.669383980689253644e+00 1.721589208243457403e+00
1.680645455045667758e+00 1.733812753363320081e+00
1.692442636221695107e+00 1.709675594309880475e+00
1.699420348185920693e+00 1.708160227893069205e+00
1.696045394185668131e+00 1.716456867291261457e+00
1.695404118835158291e+00 1.766845041152069529e+00
1.691209591721135830e+00 1.751328497645793680e+00
1.639296341889462827e+00 1.726125674565920587e+00
1.699716615278671128e+00 1.656673960215890862e+00
1.647579364622670184e+00 1.633658374017999071e+00
1.711244609125319283e+00 1.570301495094089450e+00
1.742136097741270540e+00 1.540602734204895574e+00
1.758411420116660073e+00 1.563140548858428902e+00
1.802961620839403478e+00 1.552213049124526734e+00
1.873982380597124076e+00 1.563114508235493805e+00
1.912112728859976629e+00 1.553543380976730059e+00
1.909608094806399148e+00 1.462979729217608105e+00
2.010170030471301494e+00 1.411115562383357558e+00
1.882933913067383447e+00 1.414977035496076008e+00
1.897072232258318447e+00 1.497425682024972726e+00
1.946815683181543744e+00 1.536496561580546594e+00
1.852331336410902196e+00 1.647337018692064614e+00
1.870954417514798962e+00 1.651105135829794124e+00
1.811903826737488954e+00 1.668517491560196797e+00
1.770605159856468713e+00 1.644356259129295950e+00
1.738195075809432888e+00 1.634441674650788379e+00
1.814349834861953559e+00 1.626647460911012422e+00
1.772150416784919358e+00 1.665819272060694356e+00
1.763152066077463997e+00 1.648459992069308155e+00
1.717142093052771434e+00 1.657872615128019422e+00
1.722376085884998798e+00 1.654692741575461756e+00
1.699753943993386640e+00 1.664175353026491555e+00
1.708864516796770650e+00 1.686722774789407353e+00
1.708208883638743902e+00 1.697768184891532695e+00
1.727321591897880371e+00 1.716327743384972182e+00
1.753439227680310797e+00 1.666171523982154845e+00
1.758770933500907185e+00 1.640718957411675394e+00
1.695116611626062531e+00 1.634130990208382261e+00
1.666635287024541334e+00 1.601252328078662801e+00
1.649027042337599225e+00 1.609173572167490018e+00
1.587134495314880711e+00 1.686568189488753644e+00
1.574748675632166917e+00 1.692843963063540347e+00
1.507108709918898448e+00 1.717557255023870244e+00
1.509300988632528373e+00 1.687225024087704917e+00
1.495460797287919696e+00 1.769462912453746650e+00
1.539653677801936293e+00 1.796155022763498588e+00
1.507462537343293940e+00 1.858526947143355201e+00
1.496074351617848963e+00 1.925501180130962720e+00
1.627769604603190201e+00 1.968818165287119726e+00
1.556184672568718286e+00 1.936297681648890823e+00
1.613455903659957391e+00 1.944436923425918229e+00
1.585115222800560941e+00 1.983865089560824302e+00
1.602002414236358918e+00 1.936835333368331025e+00
1.631553313634850566e+00 1.915216748875779640e+00
1.671209235254481174e+00 1.835855095516602420e+00
1.692654540500182492e+00 1.750690777233776085e+00
1.644255513490655352e+00 1.737602439348999717e+00
1.695176132589115259e+00 1.795748558654265636e+00
1.690400013300852544e+00 1.754302389118132410e+00
1.673893808352992174e+00 1.783242548521793980e+00
1.668149841781522591e+00 1.776158569110814156e+00
1.676267000387156036e+00 1.751804840845222921e+00
1.648168339160243523e+00 1.736651749136647549e+00
1.654672987060912703e+00 1.679379439039514477e+00
1.665773500668752183e+00 1.720378740357417113e+00
1.696797218808142160e+00 1.729493193376562710e+00
1.699465426092416243e+00 1.711632077360109028e+00
1.702353793230087620e+00 1.709872139059124718e+00
1.691481495314743677e+00 1.759307502994982730e+00
1.700578351940334132e+00 1.769098845376540607e+00
1.632950613488361569e+00 1.702532698493146146e+00
1.684818395845570471e+00 1.666743186008695199e+00
1.687555563838556871e+00 1.606909511697543813e+00
1.648248202166914256e+00 1.629483107837397471e+00
1.721150729197659990e+00 1.558119607990095634e+00
1.738102869682182972e+00 1.551701411210925308e+00
1.763208629078002909e+00 1.554103913990711350e+00
1.818063134152525073e+00 1.540278332868975308e+00
1.882845773136245793e+00 1.538054299818405024e+00
1.902093379948742502e+00 1.499059492778847646e+00
1.923039415266388996e+00 1.427856112214995754e+00
1.947838144053828824e+00 1.409649394474329576e+00
1.810735834315028825e+00 1.527006795058424959e+00
1.933525851012362295e+00 1.564246366603840421e+00
1.934892832487044245e+00 1.525246435796853595e+00
1.890412220687693878e+00 1.663749373926573183e+00
1.832712477276248197e+00 1.651933458156577883e+00
1.791650322415060170e+00 1.634909595238698055e+00
1.758383765497244511e+00 1.647374821438358339e+00
1.759646258249901063e+00 1.659425472905659227e+00
1.789430567901063585e+00 1.658946218045286081e+00
1.761756661368108823e+00 1.650644638889616989e+00
1.713561095564655856e+00 1.650504779386004151e+00
1.736720504271477283e+00 1.649479311732430231e+00
1.699567323594541879e+00 1.657151634878190949e+00
1.732844762845368480e+00 1.666871863715413848e+00
1.685535019089115627e+00 1.665486792305491903e+00
1.717787134997434073e+00 1.689895378934130221e+00
1.721526306080022772e+00 1.703314290278799437e+00
1.733797857947974919e+00 1.714348466912252178e+00
1.737514088770637954e+00 1.656608054995958756e+00
1.758887616597285319e+00 1.652802239772160231e+00
1.679908377740513936e+00 1.612287323807109374e+00
1.676515335764710901e+00 1.600103948164034451e+00
1.592943148657719021e+00 1.658174474764536166e+00
1.568397780631268112e+00 1.655805231871949612e+00
1.559037862574055300e+00 1.721506902929769378e+00
1.498218827715012136e+00 1.735596911591237079e+00
1.497504675341584157e+00 1.736274082272844188e+00
1.530136256607524725e+00 1.760920258278063866e+00
1.557056410161409277e+00 1.839913859136915297e+00
1.495389941872918627e+00 1.875400695795915507e+00
1.491606959759064654e+00 1.910128122267509054e+00
1.594795960342906493e+00 1.968241731048472332e+00
1.538709581413514771e+00 1.995078624812346213e+00
1.597260851702901663e+00 1.891841276891147228e+00
1.575350123351730192e+00 1.950487243873344267e+00
1.630106477342232907e+00 1.929693621893080691e+00
1.695768607727699662e+00 1.832684024537476253e+00
1.675692205412953273e+00 1.797301464064903653e+00
1.656312611796396883e+00 1.778942353132532572e+00
1.644194795539746901e+00 1.763185065592165257e+00
1.682158161636215121e+00 1.808022172410677531e+00
1.678903954289344469e+00 1.767766404592539420e+00
1.655069959497451393e+00 1.788812588371686996e+00
1.674390213720119203e+00 1.762913729418589925e+00
1.650371643899832375e+00 1.728669788725482270e+00
1.649479520965728252e+00 1.694343896845303288e+00
1.650223269235979950e+00 1.704145998767683468e+00
1.689126714843061094e+00 1.717614780167580291e+00
1.690882675427140658e+00 1.741578749857535691e+00
1.706702410388964086e+00 1.700727738434691272e+00
1.692027441177273106e+00 1.718660807899849097e+00
1.645881486980716568e+00 1.748359193849507776e+00
1.674665969705452673e+00 1.715196405939398927e+00
1.635190234227209105e+00 1.731008733496335994e+00
1.686558620097212469e+00 1.631253930683131292e+00
1.638807897183791162e+00 1.626186889519022349e+00
1.723788929836392203e+00 1.578405849398102134e+00
1.723978220564938546e+00 1.547787051563378258e+00
1.744229095027521881e+00 1.544221938620490953e+00
1.794102128020596210e+00 1.514573330877726054e+00
1.845882972782500797e+00 1.556996087356817160e+00
1.918322797169623728e+00 1.514484962562042458e+00
1.884545249975840164e+00 1.466198021933307283e+00
1.964513028288769281e+00 1.413343743071709291e+00
1.901912381219639681e+00 1.505609951090800980e+00
1.985758616654467623e+00 1.574796277427363389e+00
1.946418689267495727e+00 1.541206041439352470e+00
1.901148416056909207e+00 1.627004203279206029e+00
1.862565345427724006e+00 1.676690699575028809e+00
1.821891918235297503e+00 1.664040501873062183e+00
1.773262481980773408e+00 1.658235307938361602e+00
1.752211455184336186e+00 1.638503426088131043e+00
1.770164910877604081e+00 1.700001977517655138e+00
1.787141920459255573e+00 1.667631607528687221e+00
1.749956630032334148e+00 1.662147889943472734e+00
1.751804698638405489e+00 1.652315032991220622e+00
1.723266635493682308e+00 1.652886807481255271e+00
1.698899087710938227e+00 1.685251656425666100e+00
1.694839948919677930e+00 1.683609639924477763e+00
1.733347355156326763e+00 1.693457544699106698e+00
1.720137333958701387e+00 1.725163531547067253e+00
1.719730982131083552e+00 1.691812509769150097e+00
1.754328028055223587e+00 1.638850949557226766e+00
1.744704627188002011e+00 1.669236619342278738e+00
1.696810241387084250e+00 1.619497481195424804e+00
1.671104390554100094e+00 1.609828662772728292e+00
1.601540882247340036e+00 1.688512008198779890e+00
1.605926913314192017e+00 1.661505444306929036e+00
1.524604819719755033e+00 1.709955919987001360e+00
1.531118526561412896e+00 1.735204518188429246e+00
1.509039990422957445e+00 1.767178094844261249e+00
1.552807353691556980e+00 1.818466665937030102e+00
1.540732321889849654e+00 1.924386018320384251e+00
1.480846344809851001e+00 1.885944132252384664e+00
1.487163600655854845e+00 1.943290854931035705e+00
1.557514776621656383e+00 1.979630447571338880e+00
1.572159644206938101e+00 1.911700292607936724e+00
1.574141856105757853e+00 1.958711662438926915e+00
1.549327672922503396e+00 1.944813569957540400e+00
1.700038882096886583e+00 1.894196420682403348e+00
1.665607931038287637e+00 1.831352214467464767e+00
1.657369978872915262e+00 1.763373008860499525e+00
1.658934508254251261e+00 1.772745235318991419e+00
1.643752936264037734e+00 1.773447474051135231e+00
1.666734099598414121e+00 1.786649041758296974e+00
1.662947468125320238e+00 1.764146627894409569e+00
1.662388067261911573e+00 1.736335426395701820e+00
1.678800207536843780e+00 1.759084225919814726e+00
1.656435096766153414e+00 1.727568569415200317e+00
