# This is the data for the dw statistics for the following parameters: 
#  3072 points, q0f= -0.574, h0f= 0.678, zup= 0.1, zdown= 0.008
#  dw_up dw_down
1.049037035638187287e+00 7.239064130276527953e-01
1.038024128369642307e+00 7.889707691741262297e-01
9.830709265418040577e-01 7.776528327318170675e-01
1.032726153739135899e+00 7.247412453041391922e-01
1.057840906632929956e+00 7.389594949053326367e-01
1.070926047196953501e+00 7.092589648070112274e-01
1.034620937536970375e+00 7.863313430353742195e-01
9.921876601789018091e-01 7.907114400958796807e-01
9.645458724698272590e-01 7.824265474426523870e-01
9.681676762222953814e-01 8.011582215403090235e-01
9.989658626366128003e-01 7.949419897632831189e-01
1.054440445710557839e+00 7.093704328644275803e-01
1.070617810048609675e+00 7.000576840174195237e-01
1.050590689265919586e+00 6.938783669585598668e-01
1.065974099715243373e+00 7.051036779703604429e-01
1.045512662600809106e+00 7.881985245534860463e-01
1.034148891710897855e+00 7.748518327142125406e-01
9.941686578025711318e-01 7.570345341701631980e-01
9.764806607109318692e-01 7.996152710832726829e-01
9.645868741992738027e-01 7.675552349838975497e-01
9.870587106636252717e-01 8.061300883879791712e-01
9.981378923474231168e-01 8.017828375853638390e-01
1.027821451066216030e+00 8.117220062108029266e-01
1.050246418418869343e+00 7.022143606897849333e-01
1.037874672382045560e+00 6.886720256977487686e-01
1.050540175679086863e+00 6.691422463182440383e-01
1.057380703568993718e+00 7.056615705941802208e-01
1.057728280395657361e+00 7.351874279548566982e-01
1.047130340804396376e+00 7.339301584507175180e-01
1.028361306456951674e+00 8.098748633380223882e-01
1.011307055691489376e+00 8.400355969392477862e-01
9.746703809851988698e-01 8.629113672451755868e-01
9.687902530269623114e-01 8.008581838494428506e-01
9.824950527455885707e-01 7.663441069311167642e-01
9.594789712243556590e-01 8.004529547589709360e-01
9.852931329120149240e-01 7.885768774559506200e-01
9.949671476002686088e-01 8.145161933314631897e-01
1.003849188479400523e+00 7.783169375407553714e-01
1.018181538727374713e+00 7.466372820749465067e-01
1.034537569045134386e+00 6.817835521050035208e-01
1.018932694348218870e+00 6.783890751259764595e-01
1.020550677837019471e+00 6.947380733735810665e-01
1.041841993549233791e+00 7.506332186673991824e-01
1.063192227649063071e+00 6.868219093344807291e-01
1.064924344945623380e+00 6.960426305591467244e-01
1.034987350225397673e+00 7.866717550440276430e-01
1.026242395572180222e+00 7.823392874583031675e-01
1.004577949912536683e+00 8.211260401323239311e-01
9.485294268250601402e-01 8.443485813469717716e-01
9.410635502953141884e-01 8.423889510688894466e-01
9.312060013262795088e-01 8.644518463459673896e-01
9.462520009828623291e-01 7.860452130274928617e-01
9.653119517378295766e-01 7.704629933208250181e-01
9.645383887940788270e-01 8.084644458508648546e-01
9.862048873656350523e-01 7.881236393131824114e-01
9.916444029949471606e-01 8.040185615923877149e-01
9.906436339924130641e-01 7.954851570654448700e-01
1.014780690551560394e+00 8.110242056320074999e-01
1.021676579786244377e+00 7.244849458644923024e-01
1.038203816074582786e+00 6.946604625975071334e-01
1.007198481344358187e+00 6.928335632248241449e-01
1.017347530476413242e+00 6.685339378993050419e-01
1.001316447131985976e+00 6.857079261584771990e-01
1.005019426057050413e+00 7.982177421518046323e-01
1.053407627253976964e+00 6.866578793818056692e-01
1.059773590009094324e+00 7.353845938801334414e-01
1.042461017208167640e+00 7.641118507354276446e-01
1.036860559795452552e+00 7.827255137237187910e-01
1.005957919102179465e+00 8.988921297534754329e-01
8.982195839914515201e-01 9.152746347144042893e-01
8.738994444193047828e-01 9.878577182996807204e-01
9.202371857112731091e-01 8.629866067347068403e-01
9.535369564749961446e-01 8.339895980299324441e-01
9.685313122768763883e-01 8.102431796625749749e-01
9.658560691936065590e-01 7.526673881377221598e-01
9.679342669009981526e-01 7.896443466058246097e-01
9.590267761219206655e-01 7.885644795152358943e-01
9.938353561365925737e-01 7.761304927264613962e-01
9.846337738319909105e-01 8.141017719112242368e-01
9.900763771470078023e-01 7.971396523652466426e-01
1.014206037445360309e+00 7.872546102236325227e-01
1.023229358437047765e+00 7.536965798184562804e-01
1.017081628174923313e+00 7.548378042812893263e-01
1.022944888605727076e+00 7.302757635256246216e-01
1.031668880898071849e+00 6.627070841437830984e-01
9.995554819437659777e-01 6.866931470031391038e-01
9.696896212456476150e-01 7.597104273731762891e-01
9.855239098106066686e-01 7.894587981930598630e-01
1.014670397158926818e+00 8.047612678015082510e-01
1.013000210109451737e+00 7.976154653873186451e-01
9.876476086407612875e-01 8.260743278993528671e-01
1.006204535719981141e+00 7.998507106515447829e-01
9.810037471274661858e-01 8.529503089099250701e-01
9.937101983235520075e-01 8.775333244101948260e-01
9.384089845021760246e-01 9.255446774894849904e-01
8.808868114712034014e-01 9.688295056297371310e-01
9.011617335943438167e-01 9.643876278584171402e-01
9.059316082500288303e-01 9.663238122290653820e-01
9.546515390606227225e-01 8.693293260336428796e-01
9.704374573061390619e-01 8.762694195422078280e-01
9.786225547023507110e-01 8.348183812424462280e-01
9.804909195038178371e-01 7.957430686643192086e-01
9.436680304339430947e-01 7.766774088788158670e-01
9.560176643545394981e-01 7.645562844004614167e-01
9.869877969060711909e-01 7.799749267404422204e-01
9.809014481327460455e-01 7.832688549070868644e-01
9.990636725468388102e-01 8.243714518667679680e-01
1.001994291197468190e+00 8.043203972018586612e-01
1.031627805731295311e+00 7.844612621721452905e-01
1.034555436960312713e+00 7.202928564281495527e-01
1.044494724124197971e+00 7.125842435094750238e-01
1.048762321959469723e+00 7.066908020164073267e-01
1.049308023642631316e+00 6.444951748320928431e-01
1.021600522175942549e+00 7.239903241080379859e-01
1.008402894407831152e+00 7.525923529035641879e-01
9.887171581710950674e-01 7.597705812726514019e-01
9.967141939660281169e-01 7.859974610707796128e-01
1.003808111110067403e+00 7.949525491210569506e-01
9.540994432194125352e-01 8.731163495119800277e-01
9.726763730003581410e-01 8.299746810777852701e-01
9.473944025188241191e-01 9.020318933548147067e-01
9.934431152317726443e-01 8.491549583022063308e-01
9.813958564113971494e-01 8.806151644790671806e-01
9.271905649897917989e-01 9.269200922981482016e-01
9.235592942425887575e-01 9.111617875480049200e-01
8.721701679163637033e-01 1.036607499644254027e+00
9.171798763915174346e-01 1.025890006019454681e+00
9.124049837005403507e-01 9.993716646422886596e-01
9.217076785645857973e-01 9.790697759734873218e-01
9.691478132327524531e-01 8.955033795127048668e-01
9.665305946560697192e-01 9.026137984229301026e-01
9.903820934557501232e-01 8.551337716489626484e-01
9.819038368365076153e-01 8.430120538718826051e-01
9.523758916453450851e-01 7.774964844472777026e-01
9.652761444621338338e-01 7.395280504786670983e-01
9.898633830524943278e-01 7.752911767277087529e-01
9.898027462852737601e-01 7.957193234240744761e-01
1.019295900469710636e+00 8.045366991024900383e-01
1.013450183923683356e+00 8.471138227585162106e-01
1.033371441618086584e+00 8.260244063887678401e-01
1.028304780501515081e+00 8.092412721091091221e-01
1.072457475874702304e+00 6.909470638211008264e-01
1.065485038651898808e+00 6.887637507626687139e-01
1.062109446347684782e+00 6.710984015445260464e-01
1.082535938518980556e+00 6.379955996223021231e-01
1.019111826786706310e+00 7.562257663514044825e-01
1.017398825024394604e+00 7.233354941018035333e-01
1.012058529215433822e+00 7.405451711003431248e-01
9.571882139200058592e-01 8.244348832991955645e-01
9.837742407484176832e-01 8.240325171504755408e-01
1.004251593058950398e+00 8.327270366334238449e-01
9.300280289205633544e-01 9.056381891548506147e-01
8.870066003531852372e-01 9.465525929712986786e-01
9.065079952786209150e-01 9.246010722709838703e-01
9.268351935433793987e-01 9.089648349572263530e-01
9.761441913263957382e-01 8.449051211408137307e-01
9.407917657867047589e-01 9.333843496333856793e-01
9.260307002849056390e-01 8.953021503900077116e-01
8.981725226792991457e-01 9.381694626819170324e-01
9.031986986400277750e-01 1.063168657942743067e+00
9.138729779096322892e-01 1.009592343468932896e+00
8.930027977395209593e-01 1.021063739613168320e+00
9.096784081643541908e-01 9.952331711305610895e-01
9.503240179854938185e-01 9.281866558746676432e-01
9.693518516397723328e-01 9.022862304092771346e-01
9.775571265758735695e-01 8.766143054338613183e-01
9.765643479415038186e-01 8.599310711247079020e-01
9.803550024327992718e-01 8.608560326415239938e-01
9.644298031450209141e-01 7.965454892495422712e-01
9.829990392365123286e-01 7.092766391940297233e-01
1.001662597756901363e+00 7.985907739277556816e-01
9.940027013026684344e-01 8.203461481834235514e-01
1.015127956566577838e+00 8.096776204396098908e-01
1.020926241884602570e+00 8.562105856328665610e-01
1.019101541184002979e+00 8.283921413129636813e-01
1.071845065850197010e+00 7.757613822449624941e-01
1.059415320621396317e+00 7.481144797758209064e-01
1.063896332431724989e+00 7.295967874458557656e-01
1.070715889792269504e+00 6.911928135822171804e-01
1.070232539151317219e+00 6.872510016559029156e-01
9.891435182171836038e-01 7.888374673114357805e-01
9.678216712379480446e-01 7.906237592725617880e-01
9.938775492451550342e-01 7.633119385186162287e-01
9.819585084139939024e-01 7.566323576875869650e-01
1.003355227453136322e+00 7.864464073638176567e-01
9.736329768144413865e-01 8.351645908623451797e-01
9.788528504140509012e-01 8.459218477733626562e-01
9.370981288693223110e-01 8.801048143981036187e-01
9.156053905331799081e-01 8.798609346907673157e-01
8.881285117166982657e-01 9.503955588194117343e-01
9.060606044214476462e-01 8.996763549568993490e-01
9.008398398158544707e-01 9.211354110752110191e-01
9.231150713063510649e-01 9.130764316164511341e-01
9.520375877590934177e-01 9.171384448787606170e-01
9.419896192355428077e-01 9.091156384943295254e-01
9.206807238765025714e-01 9.206742558686045186e-01
9.042615269816030033e-01 1.058860477565879199e+00
8.920226504836326065e-01 1.079993605577799887e+00
8.868591080036657415e-01 1.047429093976161463e+00
8.993536174263031535e-01 1.044899502732272722e+00
8.937419529216726888e-01 1.041335851310366767e+00
8.996050828196124893e-01 1.026292452821033097e+00
9.512338486633521439e-01 9.221310237242656971e-01
9.653216069836740854e-01 9.351255135061344870e-01
9.787296162549278256e-01 8.843502924453408021e-01
9.780615376934738148e-01 8.406100576862352014e-01
9.644513618174442859e-01 8.549223908773463387e-01
9.493900962988645054e-01 8.125977829155265342e-01
9.913864088722930124e-01 7.228992821931825574e-01
9.958568197011699041e-01 8.236428302246379118e-01
9.851075467352046200e-01 8.152814923279563253e-01
9.914523216616525358e-01 8.113732032325539079e-01
1.026132788839471788e+00 8.433678515950652210e-01
1.009852696347525614e+00 8.479418961142549671e-01
1.048719638841969948e+00 8.274244466347671079e-01
1.065778216309545723e+00 8.053625907273278539e-01
1.093447225529049716e+00 6.988012837974524327e-01
1.076006073080211456e+00 6.801562814193804485e-01
1.061493378178999247e+00 6.704307615797961972e-01
1.024268656023211710e+00 7.068964740272697389e-01
9.837539100591258245e-01 8.116009523233382872e-01
9.729998767041864172e-01 8.102626723434429579e-01
9.832377692966225435e-01 7.706717936362202925e-01
9.804421458167875691e-01 7.555909186728608784e-01
9.995398674831621477e-01 7.934332295060394502e-01
9.666887224109398380e-01 8.295715539341010913e-01
9.630383578364977160e-01 8.411984301251220764e-01
9.500870672157517571e-01 8.527979150433121491e-01
9.140984126447375679e-01 8.941639449455610622e-01
8.814106732489768170e-01 9.388123184688381695e-01
8.975091880508522246e-01 9.187767610582242561e-01
9.094104656313389823e-01 8.692948215444561422e-01
9.039593048340484049e-01 8.985892505138203257e-01
9.063274107059470230e-01 9.091834816827633059e-01
8.979106274548644961e-01 9.542082781045644335e-01
9.049465436442575283e-01 9.462128821072895990e-01
9.367161315729931603e-01 9.124117302440912791e-01
9.074995346561756104e-01 9.719169320967686598e-01
8.972548746866459979e-01 1.064306310279899304e+00
9.056541924682389721e-01 1.038703939769717088e+00
8.879652502050687790e-01 1.043764622825074095e+00
8.837146790617289582e-01 1.053109972702531039e+00
9.036999192959291882e-01 1.012970201101970336e+00
9.285439251144740336e-01 9.943834673299886129e-01
9.303368710140035303e-01 9.891820957345629495e-01
9.276644504679113501e-01 9.428674813531578991e-01
9.744301566409078186e-01 8.926691234556887178e-01
9.837576908454974678e-01 8.717155129326281671e-01
9.848507934526491425e-01 8.315801960910781387e-01
9.687914942123695416e-01 8.504057590966498381e-01
9.555399157103318108e-01 8.212372755875271269e-01
9.945319060438705394e-01 7.971366474172095762e-01
9.966203771510755427e-01 7.617767402898064644e-01
9.871574316769846646e-01 8.145761871627756889e-01
1.018486085216982362e+00 8.060748847430081465e-01
1.035409624205192447e+00 8.382419281976529746e-01
1.031809755387682603e+00 8.387422668011839111e-01
1.058546490856181688e+00 8.119508818680143403e-01
1.037385433911656607e+00 8.270890000161187361e-01
1.090905124133645820e+00 7.136481448797434846e-01
1.114300008155379995e+00 6.540124705553066464e-01
1.098221582263756657e+00 6.722998057971705244e-01
1.030199516791401315e+00 7.023307047183333651e-01
1.022865218654670949e+00 7.244144403934600351e-01
9.937705234444972335e-01 8.182759580946444844e-01
1.015897195797986319e+00 8.386792655710466615e-01
1.023826830351233674e+00 7.832220974264818558e-01
9.905310795921176137e-01 7.988617158798889673e-01
1.008974869707225386e+00 8.101001796404264654e-01
9.996956769596319070e-01 8.145097280794449945e-01
9.558468672206053007e-01 8.592640774224284961e-01
9.488887167355705143e-01 8.466805911093994164e-01
9.349724115362031407e-01 8.846985955250523670e-01
9.172131934116188878e-01 8.734099505878591962e-01
8.665683699970461173e-01 9.608974945828337999e-01
8.863137546343058393e-01 9.416744194654559363e-01
8.940872688279730696e-01 9.094361793824919937e-01
9.029942832552374510e-01 8.895831213858524933e-01
8.935320829496103956e-01 9.115942165153553267e-01
8.751884374602991734e-01 9.894040588359240829e-01
9.061657329048377063e-01 9.356529966898023964e-01
8.964294950133814277e-01 9.343378613562182133e-01
9.482625999893747881e-01 9.605989310412029747e-01
8.969784651396380815e-01 1.023443443197405767e+00
8.710872327375361879e-01 1.099796207331381392e+00
8.789747716252935827e-01 1.086535685187460798e+00
8.710186442353986536e-01 1.069346354059505178e+00
9.029715931665237560e-01 9.950751163672599819e-01
9.073160129791733031e-01 1.000624788887965577e+00
9.051119349028468042e-01 9.991193504761890498e-01
8.878886507911978310e-01 1.000034723926960911e+00
9.282027723794683549e-01 9.511055531657252038e-01
9.403544319937672258e-01 9.354199191265464286e-01
9.744168714997361036e-01 8.754202183337549403e-01
9.660885092544682085e-01 8.564505200044725264e-01
9.724850830504271348e-01 8.379619932952652173e-01
9.522717640884356127e-01 8.411340922708604451e-01
9.523684584319241919e-01 8.463887707005617322e-01
9.859409631981740363e-01 7.891422896832079870e-01
9.934538087785287352e-01 7.643380381814574021e-01
1.012506654678886786e+00 8.193309787502149888e-01
1.009804207070198023e+00 8.009089814930282492e-01
1.040316608852017266e+00 8.405099484175841962e-01
1.033453089723197715e+00 8.299945830155097681e-01
1.054244004516502464e+00 8.002169667643328488e-01
1.052537377224812554e+00 8.144952732355056346e-01
1.062511230864349177e+00 7.458361402172347665e-01
1.079770163705969788e+00 6.765658050859754136e-01
1.063431266906428974e+00 6.731622829313059775e-01
1.064614880397189545e+00 6.960712271722527822e-01
1.031686475299183892e+00 6.994861796199485227e-01
9.744094280376280892e-01 8.222154284903238075e-01
1.020136301101402410e+00 8.326176566259361200e-01
1.021020198607833107e+00 8.350482818970702548e-01
1.015093448209814619e+00 7.848089814186512969e-01
9.803635136268904482e-01 8.039408492882791357e-01
9.839835363914163358e-01 8.219183824674406447e-01
1.007323983817372648e+00 8.000190979872443542e-01
9.908745369954603532e-01 8.131067695611524648e-01
9.906014068654597216e-01 8.067128635364153588e-01
9.744032378389582139e-01 8.255978678426287853e-01
9.290519791072135991e-01 8.464063937671717497e-01
8.833247452352827045e-01 8.995694199064020458e-01
8.711233442912228453e-01 9.486116502243252535e-01
8.815348129384213971e-01 9.088923622520069801e-01
9.030652831510953549e-01 8.931409282609578115e-01
8.993662272542821690e-01 9.148717817094431659e-01
8.954264162671795590e-01 9.358132428831272831e-01
8.768446569334652496e-01 9.630802477732788303e-01
8.754048365339789362e-01 1.012721494992215421e+00
9.262296186130042353e-01 9.643654922036067889e-01
9.479668848517350810e-01 9.506111298819324151e-01
8.691845831214994877e-01 1.020130800018862249e+00
8.616279833053884785e-01 1.090670971211860518e+00
8.261531721644905790e-01 1.128879212452431613e+00
8.724671344978738308e-01 1.095837595009423682e+00
8.816680560799574629e-01 1.099713560630581011e+00
8.890192908028952123e-01 1.050525522641316378e+00
8.807211747197617457e-01 1.024486713429026308e+00
8.781028058275914816e-01 9.900591378200606085e-01
8.783467900047783328e-01 9.904101092910553295e-01
8.787320806013085850e-01 9.940482570563464737e-01
9.186773846139718591e-01 9.305101336199373963e-01
9.186105425250525869e-01 9.321256583997399314e-01
9.347889393470391051e-01 8.841459941419318458e-01
9.732184288379038817e-01 8.605979509804055905e-01
9.443499085756476008e-01 8.616784487299066209e-01
9.411903895920679108e-01 8.842533138320411989e-01
9.464931149283076772e-01 8.119648507989988273e-01
9.763717855294097303e-01 7.878935769839821024e-01
9.987904034564177858e-01 7.618909567362917024e-01
1.007549995770627316e+00 8.006251734763303318e-01
1.020178937587671530e+00 7.890573755789179744e-01
1.017091909871977728e+00 8.293460174223663550e-01
1.049564838905344466e+00 8.082277885474166146e-01
1.049646194104942643e+00 8.049998851122629473e-01
1.039898651235867000e+00 8.250324817182915771e-01
1.010249266172042804e+00 8.020733684516886397e-01
1.043594232500840047e+00 7.228474074878454836e-01
1.041767406958894471e+00 6.788448130583264462e-01
1.040793785511184399e+00 6.797408935221497250e-01
1.011218000156392849e+00 6.701278538283675923e-01
1.017759629094534546e+00 7.111493560508020950e-01
1.005445702694190313e+00 8.105995156493411846e-01
1.030138732978141070e+00 8.504651450757686471e-01
1.027972393306553878e+00 8.483424930586388468e-01
1.018624832222554621e+00 8.297139910353769077e-01
9.967086565329301706e-01 8.331983480036923018e-01
9.772180506669760902e-01 8.423095789571852787e-01
9.666867819374898030e-01 8.617953707542240771e-01
9.853744699804035667e-01 8.277480674620015799e-01
9.598110987140190398e-01 8.325783047139212467e-01
9.727522503038215085e-01 8.259514689163298673e-01
9.233078475667066964e-01 8.829937095446558359e-01
8.844059160319366342e-01 9.174548878694820386e-01
8.838821794698240586e-01 9.141171232433821237e-01
8.731822597022356192e-01 9.173839673372259362e-01
8.753856742713147510e-01 9.153519731602068887e-01
9.016103456182201770e-01 9.056405129507510976e-01
9.075960051074598578e-01 8.981520654286886396e-01
8.986409440483080768e-01 9.461621898189332969e-01
9.209835812416657941e-01 9.775991190763277938e-01
8.727416906428138166e-01 1.013383552791618181e+00
8.327346307663453517e-01 1.044414920890223586e+00
9.243413725253416535e-01 9.731775909306782379e-01
9.203749460903497548e-01 1.024053588445030583e+00
8.578737861020063749e-01 1.056641950626805881e+00
8.330342579160339156e-01 1.088599345644652105e+00
8.386638939867462339e-01 1.129998280366263153e+00
8.690675183476144205e-01 1.105483673991630500e+00
8.634678804764530646e-01 1.109512363177213468e+00
8.456194500349334398e-01 1.069195375211158261e+00
8.481135684558392951e-01 1.069030328218582904e+00
8.622336580344230894e-01 1.036409091642487512e+00
8.716368855152258899e-01 1.023811052205081173e+00
8.544239364359818012e-01 9.991718370967556107e-01
8.605978732947157095e-01 9.890156747259724046e-01
8.905129060732910329e-01 9.271929315450616604e-01
9.529381596266133236e-01 8.604712512142274061e-01
9.430054022482760034e-01 8.831379903393722364e-01
9.858027740325260302e-01 8.447956644784042624e-01
9.514263746182930470e-01 8.632242033139819748e-01
9.145018408178666736e-01 8.694489534876960191e-01
9.398541436160134932e-01 8.270902863349701706e-01
9.694304607653211336e-01 8.080125734765668533e-01
1.027300976521926978e+00 7.831342178785184460e-01
1.013043006694877013e+00 7.596111219212425825e-01
1.022111430297337975e+00 7.829077586577550818e-01
1.004401139334548221e+00 8.051619474533674437e-01
1.042417575361771709e+00 8.271593781002001267e-01
1.046926678960099499e+00 8.251904591798923105e-01
1.042218859396888408e+00 7.692779978008961184e-01
1.002639894860806846e+00 8.084314843243599613e-01
1.040887119931893867e+00 7.394500995453791026e-01
1.017641104572944766e+00 6.976424611479254967e-01
1.050447398356050277e+00 6.652992886578608100e-01
1.026585504536537741e+00 6.742515567498397200e-01
1.022749924018916623e+00 6.835549017853747022e-01
9.872397983343557115e-01 7.803638930559372300e-01
9.924445317553666213e-01 8.150842670899106635e-01
1.014922221929887458e+00 8.289969390066310728e-01
1.009394457618554952e+00 8.316177256101594528e-01
9.905483863164544767e-01 8.362888565792873097e-01
9.841704307153350539e-01 8.363944849646089974e-01
1.001459934007446151e+00 8.278201140685736981e-01
9.542963036155522882e-01 8.399213506619224168e-01
9.648237751289912012e-01 8.633325955204100843e-01
9.591678796576725841e-01 8.466874452116545102e-01
9.605160266496399757e-01 8.408366392255116617e-01
9.677631303855831479e-01 8.310010436025918601e-01
9.513361799427522136e-01 9.077379951340281972e-01
8.917083884929443149e-01 9.336982593157598931e-01
8.851850071003792841e-01 9.037551379355794889e-01
8.750096262600892683e-01 9.220964899609380705e-01
8.823707737952043439e-01 8.984482837831121449e-01
8.857632569742620587e-01 9.170867548490265753e-01
8.831117270599586622e-01 9.490721516421363191e-01
9.224745193609720229e-01 9.634531044062220051e-01
9.175722733287375865e-01 9.926374093421446165e-01
8.430471150655356460e-01 1.041581052589327649e+00
8.357308472645617048e-01 1.067903925944796883e+00
8.839788417629295125e-01 1.015511983962935627e+00
9.163201951305194326e-01 9.893657523799161968e-01
8.717647409302530237e-01 1.075489001751538609e+00
8.580725353247943277e-01 1.084985425642564838e+00
8.194055228494682153e-01 1.110914681750851951e+00
8.348820082859563785e-01 1.118107097623120882e+00
8.705578342733129027e-01 1.088507602561758825e+00
8.262277106178642638e-01 1.105796441503737348e+00
8.360013780718702492e-01 1.073921859392923617e+00
8.383882925974150968e-01 1.071034322314693643e+00
8.182472666469957634e-01 1.079492132528759418e+00
8.426121090649653089e-01 1.032107716753522197e+00
8.497976295818557846e-01 1.019168714065731063e+00
8.575272929261236188e-01 9.739253880114022710e-01
9.126437286400912452e-01 9.168541040215123505e-01
9.240566369097468202e-01 8.929139517037991691e-01
9.442529502024443744e-01 8.715433827568634939e-01
9.493526545350743362e-01 8.584315635472027362e-01
9.728539366560691182e-01 8.359202797792453232e-01
9.535590284512275305e-01 8.614030639379264276e-01
9.200673430107464412e-01 8.642099670226504049e-01
9.568077186137822210e-01 8.094529473656532081e-01
9.458447589999058325e-01 8.173221626517889193e-01
1.040540150249708473e+00 7.798298062222668303e-01
1.011477639817020657e+00 7.577391773253432383e-01
1.014910249414991972e+00 7.922328018445179421e-01
1.012365669849508265e+00 8.032775166940463452e-01
1.033194851265071490e+00 8.203893273098534777e-01
1.062566082884174756e+00 8.111308520559135093e-01
1.047730363196806680e+00 7.600008167711569396e-01
1.030478187449366034e+00 7.803977086444121580e-01
1.009866208987786562e+00 7.845576676685223072e-01
1.010844640958128871e+00 7.420883608631821948e-01
1.056725291711353432e+00 6.576874455601864344e-01
1.051348246798659680e+00 6.627061928982823646e-01
1.048920115078050053e+00 6.807215777128958756e-01
1.037555004919570756e+00 6.851971252567464754e-01
1.014099934945139392e+00 7.973044613414799198e-01
1.009797149357168911e+00 8.047539620322206044e-01
1.013713533943157108e+00 8.520026438594382467e-01
1.019264022492535560e+00 8.171053862475993190e-01
1.005059041209898973e+00 8.449489522870017311e-01
1.008028831778415402e+00 8.229619107420350632e-01
9.759067675897316052e-01 8.148092922390133275e-01
9.622386211061995098e-01 8.227226686064941230e-01
9.674416915315298127e-01 8.299912703661898039e-01
9.557102377851317554e-01 8.523558239449439133e-01
9.801452173491139730e-01 8.225662094563147564e-01
9.710538462479862964e-01 8.378731992400012540e-01
9.712950666249926535e-01 8.731046446311175879e-01
8.978960559787979578e-01 9.637973103470537373e-01
8.981834953943537148e-01 9.506643718344739424e-01
8.472860285005402448e-01 9.476201745435923751e-01
8.766547134705328093e-01 9.437727277888343647e-01
8.829777704263954696e-01 9.275033502731597768e-01
8.993929853670775687e-01 9.441575278653827619e-01
9.171769974757816302e-01 9.792848528561998167e-01
9.278037480842572515e-01 9.739556365972946717e-01
8.964743293076096187e-01 1.021927613662124479e+00
8.408547030150573809e-01 1.075741055531179713e+00
8.328674987244786276e-01 1.076338791378893767e+00
8.527930360492341766e-01 1.042495293040310411e+00
8.839135039416011752e-01 1.040423965262385453e+00
9.018213937412368209e-01 1.045692612640660490e+00
8.726730611526116732e-01 1.075342710938662183e+00
8.384432925916304180e-01 1.131065962284957260e+00
8.150800159001926337e-01 1.108488967652021984e+00
8.092845983937311249e-01 1.104898355546402700e+00
8.281263595434231739e-01 1.096559869384865937e+00
8.298596644396099009e-01 1.100515929128484061e+00
8.404529285795310223e-01 1.066982195929757626e+00
8.124680598241649232e-01 1.071245655847157030e+00
8.124680598241649232e-01 1.071245655847157030e+00
8.207114547740339550e-01 1.058569289868819041e+00
8.297474150471115806e-01 1.046512770011781557e+00
8.583607220295312867e-01 1.002735680858742651e+00
8.590750971440823669e-01 9.542951135241810601e-01
9.020349721013386501e-01 8.950567470216863608e-01
9.528806558290223716e-01 8.373006898251244001e-01
9.483025668739248903e-01 8.644956680692590378e-01
9.504026785848034287e-01 8.562837205880905467e-01
9.590896491905579468e-01 8.587187054406335562e-01
9.302277471366654504e-01 8.669292971784354762e-01
9.507802580954400895e-01 8.441662766430551024e-01
9.618895359927704947e-01 8.340735374853190942e-01
9.778767259324210315e-01 7.894878977377975948e-01
1.003675826253694892e+00 7.792294218771032011e-01
1.025466841912124671e+00 7.518118311172076185e-01
1.020580757769054436e+00 7.816760807599857364e-01
1.025738877403939986e+00 8.124673059161590105e-01
1.046003462121193106e+00 8.001111721212256223e-01
1.069756085389752087e+00 7.743716519541170573e-01
1.044884592511771348e+00 7.871876216812534466e-01
1.027614987074165320e+00 7.845503202195541759e-01
9.936325329778653570e-01 7.987639302631595051e-01
1.001139127676589302e+00 7.627753667216508049e-01
1.029611385576689964e+00 6.905552537555550430e-01
1.064997355004067003e+00 6.746127917356700143e-01
1.052120369505532338e+00 6.753424020379978909e-01
1.058345002177180749e+00 7.136640720619101819e-01
1.064440786169087660e+00 7.348182923056015836e-01
1.027701800848064950e+00 8.134187936758876525e-01
9.985437010136868352e-01 8.236209921051347305e-01
9.798051378651234655e-01 8.441504577402649812e-01
1.001465650031967414e+00 8.260234828070345259e-01
9.938460999754610281e-01 8.216301988281896618e-01
9.900392670795469252e-01 8.350745568437462074e-01
9.991671920244268312e-01 8.410654434423083803e-01
9.837217044914930986e-01 8.157530686103553474e-01
9.822484727086019385e-01 8.330332653912194685e-01
9.697020056655618614e-01 8.501460133280258624e-01
9.718109989421572781e-01 8.441497668862487647e-01
9.763048474264387488e-01 8.360292810863209079e-01
9.766493239746257826e-01 8.511250368459385429e-01
9.677336193664519692e-01 8.904539149615179339e-01
8.708435507326686142e-01 9.375051057131150722e-01
8.685328313311335702e-01 9.692910854171459256e-01
8.594249720737435760e-01 9.710236929807047890e-01
9.021613895623282753e-01 9.080430187731781677e-01
8.887466375103614258e-01 9.176191324366225199e-01
9.299139091885826325e-01 9.591467675671099258e-01
9.186066727953068334e-01 1.003661173980320731e+00
8.951690463679716769e-01 1.005942546182391428e+00
8.362318935971280176e-01 1.079661795646294831e+00
8.531370834540227266e-01 1.091248711198795851e+00
8.321146130693951593e-01 1.071816162510269788e+00
8.814108088930354690e-01 1.032050367432457705e+00
8.619100839255279256e-01 1.081035829108707436e+00
8.720684998218291017e-01 1.056405821412280899e+00
8.445449913806867270e-01 1.116506580530187032e+00
8.249104387508440217e-01 1.129713903393010366e+00
8.049514651250179176e-01 1.114368553910752402e+00
8.057630942149861530e-01 1.088126060473025625e+00
8.377173447480281698e-01 1.076597774736728352e+00
8.321488773159514407e-01 1.064965164038016887e+00
8.124680598241649232e-01 1.071245655847157030e+00
8.174951455102624776e-01 1.065844660129571686e+00
8.238509225572311356e-01 1.053234630610150102e+00
8.254513400776674059e-01 1.043182042496137552e+00
8.275525327142881915e-01 1.040702637190147772e+00
8.564401746719353392e-01 9.960821973401497997e-01
8.604084422707919400e-01 9.801237350826605965e-01
9.087433473896305847e-01 8.807506471127264369e-01
9.524453995780012283e-01 8.437685910146668355e-01
9.498944850874919688e-01 8.593293541278675951e-01
9.462641853314570639e-01 8.736337371487793435e-01
9.353036132855067075e-01 8.515127654591027051e-01
9.425147530908761784e-01 8.529917554895459775e-01
9.670421428834564681e-01 8.258250265874983453e-01
9.813707296917757450e-01 8.230867157765439091e-01
9.914519506950366656e-01 8.066769102877855424e-01
1.024612924864428232e+00 7.635750269599882456e-01
1.007146100242358955e+00 8.068038387726679250e-01
1.034205055098209591e+00 7.875614425956746212e-01
1.051435571765577004e+00 7.828436953228243844e-01
1.075924030060283032e+00 7.544051818503628715e-01
1.062748342306373717e+00 7.851929547012133082e-01
1.018131172517656280e+00 7.812151801981550570e-01
1.012744192613768801e+00 7.817850149979466146e-01
9.755885842787421769e-01 7.972694401837471245e-01
1.011658176596340164e+00 7.386365558349219373e-01
1.065443700355660939e+00 6.760792067845223796e-01
1.080391142235186841e+00 7.275887146165829211e-01
1.074561062762108277e+00 7.267363466377231296e-01
1.065762992917331342e+00 7.071763551442842299e-01
1.002623032341833254e+00 8.111720814045476624e-01
1.016560810476643706e+00 8.141698428147132738e-01
9.729343597263373500e-01 8.238652108661880247e-01
9.952716591900399035e-01 8.136701148880369772e-01
9.820436688865090691e-01 8.178233755885402356e-01
9.928569197220303844e-01 8.101184340034817133e-01
9.924205570849085056e-01 8.320106658127305321e-01
9.978482260749571564e-01 8.231469357648494301e-01
9.724218529734347527e-01 8.272777629641677732e-01
9.730935384800610821e-01 8.252884660514666626e-01
9.781127833460580012e-01 8.404523751332270143e-01
9.679395308709261014e-01 8.542112252441906861e-01
9.478496071856670202e-01 8.856896987284402778e-01
8.979683773455255924e-01 9.747215934536795912e-01
8.963337943675525610e-01 9.376500026540564026e-01
8.609606087293217858e-01 9.782688945141498893e-01
8.555520867400771001e-01 9.872691332619577542e-01
9.014040445367055288e-01 9.284299141085263773e-01
9.223085925769121118e-01 9.303936313221617960e-01
8.988718801040681550e-01 9.812853043303209066e-01
9.110069957757670478e-01 1.003030603714201385e+00
8.820787963849612279e-01 1.049242171703046900e+00
8.468950468700653378e-01 1.090980701844385559e+00
8.585821202420442777e-01 1.043265248208320894e+00
8.667084354113598899e-01 1.055458217440467195e+00
8.553774799325792877e-01 1.064819829646072247e+00
9.144125399196878501e-01 1.021122385696297430e+00
8.588338129121033671e-01 1.081957847843167286e+00
8.091458548990106969e-01 1.120736579647083841e+00
8.134275995473327914e-01 1.139513823720045727e+00
8.157180172116694772e-01 1.099348744618868334e+00
8.018345136567350817e-01 1.085503337766855259e+00
8.142866827577956990e-01 1.063187297949869770e+00
8.131846316358160021e-01 1.068812656766723990e+00
8.238509225572311356e-01 1.053234630610150102e+00
8.216469202620630963e-01 1.047407174083253789e+00
8.216469202620630963e-01 1.047407174083253789e+00
8.254513400776674059e-01 1.043182042496137552e+00
8.274763063325430990e-01 1.034061491074405481e+00
8.423430627075929600e-01 9.979045469249488987e-01
8.634764297900616725e-01 9.905046213582640036e-01
9.103458994597887211e-01 8.792955108956914678e-01
9.471098820808231400e-01 8.672818306937505328e-01
9.445253962418334037e-01 8.709581851609590197e-01
9.309845186776781745e-01 8.726312817610794026e-01
9.468367162675671578e-01 8.674265593885481795e-01
9.492636274785891670e-01 8.750157908282137909e-01
1.024009506153602089e+00 8.252869081750062730e-01
9.990742066038147406e-01 8.301908146586614023e-01
1.025024494790318652e+00 8.068940289226823603e-01
1.015716790366751665e+00 8.086711990107938730e-01
1.025180699257207895e+00 7.598340369294671603e-01
1.062703073886887450e+00 7.707233913733957387e-01
1.062060200793340403e+00 7.490830357870285061e-01
1.043616804234706485e+00 7.545740413344106390e-01
1.032955979566472893e+00 7.987689761187283244e-01
1.030967352736927634e+00 7.763144504578576299e-01
9.617863716788404016e-01 8.105200477289558059e-01
1.008992909928208226e+00 7.444338118280445782e-01
1.080992952382906269e+00 7.497016583964154490e-01
1.089912625543675517e+00 7.253986052737348977e-01
1.078393646534056893e+00 7.110937543350347445e-01
1.069929320027275477e+00 7.066315769166569005e-01
9.829213053037512138e-01 8.079635039603452196e-01
9.870510111345395243e-01 8.046648151498285717e-01
1.000301726845148842e+00 8.059008311682727133e-01
9.925800417952481691e-01 8.009986472089837273e-01
9.658045091724866138e-01 8.007925519820889848e-01
9.940069309162674616e-01 8.202887409455280610e-01
1.034041142251903356e+00 8.102585120341261327e-01
9.846554418150501586e-01 8.220650021371679328e-01
9.930938302219353142e-01 7.984305430256907199e-01
1.000525975173179427e+00 8.135130660026805849e-01
9.562401918937504242e-01 8.292194380827937472e-01
9.553665885153187487e-01 8.343288045394519070e-01
9.772294303414362782e-01 8.082600895021545551e-01
9.461844022317317249e-01 8.756141813315762024e-01
9.195069185694864089e-01 9.332423802759791664e-01
9.003559448773768015e-01 9.376469697159589556e-01
8.730745934898938021e-01 9.416673417111314226e-01
8.409323534881386619e-01 9.694623523003620402e-01
8.587745624717265658e-01 9.793110865373038099e-01
9.260295935787925536e-01 9.571050252958160920e-01
9.140688387717070817e-01 9.557756949884531616e-01
8.973643189830040612e-01 1.025072055936517179e+00
8.862046074578460164e-01 1.054605450719324100e+00
8.528004102061648162e-01 1.089601453009614973e+00
8.530629757039321914e-01 1.077434092883288619e+00
8.642119650805256681e-01 1.060699000022873761e+00
8.551002441919514085e-01 1.057306810163999522e+00
8.652256722712237114e-01 1.057574858727006184e+00
8.723553365803684567e-01 1.047219597206576314e+00
8.167821847636028698e-01 1.094724729278229169e+00
8.114708863945602202e-01 1.112309264371071693e+00
8.171448945461345925e-01 1.138918063189813035e+00
8.214986778476683904e-01 1.074408407780823804e+00
7.980851069588127400e-01 1.072342563536270887e+00
8.208377044699805003e-01 1.049991021305082040e+00
8.216469202620630963e-01 1.047407174083253789e+00
8.216469202620630963e-01 1.047407174083253789e+00
8.216469202620630963e-01 1.047407174083253789e+00
8.216469202620630963e-01 1.047407174083253789e+00
8.254513400776674059e-01 1.043182042496137552e+00
8.260737936521439506e-01 1.032391475979628659e+00
8.310711569781313868e-01 1.014757051503048402e+00
9.144939918632982723e-01 9.243664994789616562e-01
9.518131496231641009e-01 8.387934849957502381e-01
9.519840879792683674e-01 8.782192053344339833e-01
9.444449925987203898e-01 8.747577958331324011e-01
9.139981742519394103e-01 8.990041827665232743e-01
9.555876916220202855e-01 8.725982188971983522e-01
9.783512300223079494e-01 8.596231890255831010e-01
1.021714879300173351e+00 8.200887698161306583e-01
9.829549106376596068e-01 8.638877129225154272e-01
1.016062636125360186e+00 8.300162080384809737e-01
1.050715309733325498e+00 7.623005112492035051e-01
1.056262175643776224e+00 7.571253411535668887e-01
1.013203562308825356e+00 7.463523654711962108e-01
1.061592706550778864e+00 7.411739080032798688e-01
1.020701946975567820e+00 7.927984029999826099e-01
1.003195380283838478e+00 7.847650313528143906e-01
9.483938258194805071e-01 8.004194278887585279e-01
9.663228347545382846e-01 7.699386859362494784e-01
1.051422266746974366e+00 7.688763746780329367e-01
1.062572960978162007e+00 7.399680488943680690e-01
1.065239193609890611e+00 7.165160251004940584e-01
1.036689605353668719e+00 7.227001287309882116e-01
1.016741968726998735e+00 7.806920731534113811e-01
9.815083849690692253e-01 7.904799895449132752e-01
9.855900253373588438e-01 7.981289287032469204e-01
9.673192802624025477e-01 8.052947002452278680e-01
9.545106933921138070e-01 8.443151089071624371e-01
9.990878227842703296e-01 8.257751701493382113e-01
9.896937563063522569e-01 8.538019746785846520e-01
9.879635319413414551e-01 8.357532071784231631e-01
1.003037302949003395e+00 7.959616015903067110e-01
9.817323521282694809e-01 7.937263832366803218e-01
9.719644666975829628e-01 8.249562970502999359e-01
9.530423081320928969e-01 8.302129268553888330e-01
9.352920261111806743e-01 8.081520487544768816e-01
9.083945878125302409e-01 9.223967075595692622e-01
9.101115638504434502e-01 9.394823361483369828e-01
8.824523714504745042e-01 9.079678952471191833e-01
8.537970992620449451e-01 9.591738024939396867e-01
8.471799201081999797e-01 9.799850838812965703e-01
8.988915240423630548e-01 9.544854730943630461e-01
9.017102205821587724e-01 1.010581036659216947e+00
8.934352250990564848e-01 1.042137211891396298e+00
8.685162688325088753e-01 1.093581153578930154e+00
8.803741556514933508e-01 1.080093748122596287e+00
8.522534234767304984e-01 1.092855362024965471e+00
8.543787440195562688e-01 1.058197467551073245e+00
8.620438367714012839e-01 1.072992822188846729e+00
8.855053264155431370e-01 1.049144859089872428e+00
8.746301819532087407e-01 1.068793777679993617e+00
8.240909653811384628e-01 1.075292085465040737e+00
7.965410802740872098e-01 1.109990323945397872e+00
8.172014307528066013e-01 1.109892454570359455e+00
8.076456254934004653e-01 1.110425595984441349e+00
7.748594941923183654e-01 1.092619161573895825e+00
8.238879838809204381e-01 1.035525429721493307e+00
8.216469202620630963e-01 1.047407174083253789e+00
8.216469202620630963e-01 1.047407174083253789e+00
8.216469202620630963e-01 1.047407174083253789e+00
8.216469202620630963e-01 1.047407174083253789e+00
8.216469202620630963e-01 1.047407174083253789e+00
8.253523873038105529e-01 1.027901788152661089e+00
8.281230664906573669e-01 1.021193469438333556e+00
8.368237572386884038e-01 1.008159993089490669e+00
9.095746791527242747e-01 9.160896440421635312e-01
9.504392158976660010e-01 8.621718517078995614e-01
9.456290172722746634e-01 8.868966642468963935e-01
9.218465113331391070e-01 9.014106510550053963e-01
9.216221452477764142e-01 8.908380928561240308e-01
9.652576893538781233e-01 8.541956605808599390e-01
1.021887511929990611e+00 8.301506779198803976e-01
1.011004267890189157e+00 8.271538000729576900e-01
1.011299599865946641e+00 8.387968628161541762e-01
1.015257142386155165e+00 8.121939482637249297e-01
1.047793491886621409e+00 7.634912454604769749e-01
1.040305006606849991e+00 7.547602281082921305e-01
1.029585990496896919e+00 7.220653103940926076e-01
1.034565380290928482e+00 7.530863493395320019e-01
1.005576594309001592e+00 8.127387331102411405e-01
9.667194562619327858e-01 7.776990396969022390e-01
9.642858716287829868e-01 7.904045317663008774e-01
1.016565236329596500e+00 7.750484589686917891e-01
1.053460071422020583e+00 7.338521516009938184e-01
1.071317209854097285e+00 7.608081887497895046e-01
1.080861397485771702e+00 7.366543973569081860e-01
1.016012816441617339e+00 7.680377202671152537e-01
9.892527355988945947e-01 7.835101905045052106e-01
9.941952641241840194e-01 7.780674548741413066e-01
9.950749373435234801e-01 8.071552995298928446e-01
9.785691729769988578e-01 8.292249881477314899e-01
9.767704921394683160e-01 8.094009260290981889e-01
1.011544872256433747e+00 7.954790060431046195e-01
9.957416946375564626e-01 8.339981609145633579e-01
9.799518648486569283e-01 8.534919605744061277e-01
9.827875932009462190e-01 8.341659622067874036e-01
9.856266213961583089e-01 8.160545032662024356e-01
9.789794473806211483e-01 8.115127492881798466e-01
9.593296404847242442e-01 8.325334637668594384e-01
9.494890217037156299e-01 8.184133451306627727e-01
9.405886087357594461e-01 8.682195980753959486e-01
8.948241914210611769e-01 9.342971137304093565e-01
8.953123181763184002e-01 8.885137817008508243e-01
8.739961090126701082e-01 8.899097736853219809e-01
8.455016239918698995e-01 9.344642843190494874e-01
8.874764307838921562e-01 1.000600387757202281e+00
8.866927833037848705e-01 1.005969759936331975e+00
9.051181812201972710e-01 1.012732561772907713e+00
8.824177085764113304e-01 1.053073763294287035e+00
8.856908083606738202e-01 1.075285395994239002e+00
8.616753291279988236e-01 1.100481000234188267e+00
8.578966090508534093e-01 1.072487798810659143e+00
8.542984907324385757e-01 1.074745524571947941e+00
8.857831340634080286e-01 1.046880276825480349e+00
8.846491325962944074e-01 1.066676371139391621e+00
8.314147261005883083e-01 1.053301119098694949e+00
8.260690761031205254e-01 1.072456009169715951e+00
7.990368416469657564e-01 1.119348981348853300e+00
8.159365672587108875e-01 1.104177001228872079e+00
8.142807726971587057e-01 1.091240595963226534e+00
7.933301171664147722e-01 1.081085217609332405e+00
8.297487686981235289e-01 1.017056938993693871e+00
8.216469202620630963e-01 1.047407174083253789e+00
8.216469202620630963e-01 1.047407174083253789e+00
8.216469202620630963e-01 1.047407174083253789e+00
8.216469202620630963e-01 1.047407174083253789e+00
8.253750743249881339e-01 1.036544768267192440e+00
8.274669860841297186e-01 1.017219195109714924e+00
8.348550088155164417e-01 1.021823098616260639e+00
8.482862188375661638e-01 9.996971398992244850e-01
9.081618764641189445e-01 9.391160881778325420e-01
9.499821241679118344e-01 8.814965267001864113e-01
9.489833942260621491e-01 8.888882705457799016e-01
9.197922555081810003e-01 8.804096393914542240e-01
9.353013566767809372e-01 8.708487390264183503e-01
9.942962366900658377e-01 8.545115935372946669e-01
1.017622833647295222e+00 8.477289022439455923e-01
1.011067609936270317e+00 8.356965007762384712e-01
1.031016055880880300e+00 8.238211373910567792e-01
1.003639193847035704e+00 7.906890557073362746e-01
1.034565857894310659e+00 7.352933140347531760e-01
1.030120498233000337e+00 7.245167686341245084e-01
1.024028705846281140e+00 7.470576618624397147e-01
1.040569918140706207e+00 7.534331404161164203e-01
9.800261467945865501e-01 7.821173170148552067e-01
9.888179899743642087e-01 7.750723280740832166e-01
9.950280215711481135e-01 8.163281764914512850e-01
1.040051302298899749e+00 7.958152334837585995e-01
1.081900742016668637e+00 7.639295413704731974e-01
1.075986946954781587e+00 7.662072536493537145e-01
1.059098748374251553e+00 7.473178124845114567e-01
1.022129941554892785e+00 7.980538463819899508e-01
9.859536324156888965e-01 8.090322464794583723e-01
9.933820601292719932e-01 8.016112184653015893e-01
9.828815524437625184e-01 8.104538556129116111e-01
9.776312539829448145e-01 8.061800217103816113e-01
1.010913088539535876e+00 8.187088006445365496e-01
1.021165067073107613e+00 8.225277530048806796e-01
9.991450893059535820e-01 8.330791732635565161e-01
9.721383948752783111e-01 8.325664912973234077e-01
1.014028980589889661e+00 8.059312207346868151e-01
9.634827500164331315e-01 8.126779148070146785e-01
9.398705190925233932e-01 8.611100027293836501e-01
9.169704936265106188e-01 8.502969396372945798e-01
8.928546946507853743e-01 8.928671050060000836e-01
8.767393489212778057e-01 9.009926574022453227e-01
8.766476064209013375e-01 8.813755097054598586e-01
8.441688857571271187e-01 9.208823480080254864e-01
8.808136168166247337e-01 9.606820349755508248e-01
8.576797424522335511e-01 1.029329440126901307e+00
8.731309748985279784e-01 1.019306746312328871e+00
8.700174088325657307e-01 1.049451171997459298e+00
8.725788218974392940e-01 1.108628332158251517e+00
8.739772414971929138e-01 1.096635193051368917e+00
8.628035456252889368e-01 1.069452670595919086e+00
8.620126732779358480e-01 1.062425823410408032e+00
8.798120993321308925e-01 1.057354052336006767e+00
8.874690627859204151e-01 1.041107180544200261e+00
8.485504851750034216e-01 1.060016110070937323e+00
8.174116392908443718e-01 1.043581984449984512e+00
8.014722972257484201e-01 1.087949843424389496e+00
8.114657666032975003e-01 1.088994703244822615e+00
8.095774716163087747e-01 1.107322294807852714e+00
8.112085141206070160e-01 1.089627224528389560e+00
8.087135276796773020e-01 1.039462330650983146e+00
8.251622040129414914e-01 1.032074501845307468e+00
8.216469202620630963e-01 1.047407174083253789e+00
8.216469202620630963e-01 1.047407174083253789e+00
8.216469202620630963e-01 1.047407174083253789e+00
8.216469202620630963e-01 1.047407174083253789e+00
8.274669860841297186e-01 1.017219195109714924e+00
8.329656626663369812e-01 1.016304215520023035e+00
8.354812804598586995e-01 1.011702066459580607e+00
8.767591141841073465e-01 9.735208203795865378e-01
9.451267930555351526e-01 8.788847980794110004e-01
9.551203781681704141e-01 8.809860282539816456e-01
9.315480934169889649e-01 8.845987091089730914e-01
9.307576760645487335e-01 8.781866810932705825e-01
9.428271953697836549e-01 8.792901174101430684e-01
9.909075378772977949e-01 8.332979127148744114e-01
9.959934709775342121e-01 8.392388293727536253e-01
1.004502538485168683e+00 8.321586341386478791e-01
1.022526493984770468e+00 8.146009252362477193e-01
1.052739949019652288e+00 7.544985946708832047e-01
1.051926744369163558e+00 6.949020113183265179e-01
1.054843367090812389e+00 7.072880971943534822e-01
1.032467515661876778e+00 7.362302793639183829e-01
9.700540234598069578e-01 8.007432592078779221e-01
1.010633658278339730e+00 7.991918934505032324e-01
1.008526056717676367e+00 8.157733655040104725e-01
1.052281019032547560e+00 7.930413501363043904e-01
1.081677155196769657e+00 7.748675425167016462e-01
1.076284248646517616e+00 7.639705814310969734e-01
1.041788061127016052e+00 7.926331640206489837e-01
1.015923956475125456e+00 8.362320548730906022e-01
9.916684979292509361e-01 8.394817772633901276e-01
9.820735352738834134e-01 8.226296693518454495e-01
9.928916523220969736e-01 8.163907254855420348e-01
9.700919318629691590e-01 8.262269858585274962e-01
9.879517767630449088e-01 7.957510410095760545e-01
9.705721650951755208e-01 8.347303943704469376e-01
1.036746519672409717e+00 8.215370995997224313e-01
1.023807557472259822e+00 8.209760600226453375e-01
9.763922404174792957e-01 8.385334554329069157e-01
9.836476527820963156e-01 8.260487356434208506e-01
9.842104308542224400e-01 8.003088502730471010e-01
9.555252895999594154e-01 8.051317372649411386e-01
9.344556112189497110e-01 8.347624413519492137e-01
8.689892325208072865e-01 9.103113856402583748e-01
8.781395697372680331e-01 8.960665849045605924e-01
8.582462685508378541e-01 8.709638131552568385e-01
8.654318490739147940e-01 8.792855021794999670e-01
8.431102443258121637e-01 9.408067984927572791e-01
8.510575712113540581e-01 1.004019322519733359e+00
8.535046294384295296e-01 1.076944844361461984e+00
8.588388244211272449e-01 1.028452597308942007e+00
8.667003619698629979e-01 1.072782490311366521e+00
8.601721362582711583e-01 1.122843054598914314e+00
8.584587599209115849e-01 1.113765214185188368e+00
8.557442097621137389e-01 1.066076922688242279e+00
8.647105320861531164e-01 1.022613850706723948e+00
8.944565364269709828e-01 1.034007016009033997e+00
8.635667612348374433e-01 1.054097321183225189e+00
7.800153524392877680e-01 1.098000694173113079e+00
8.172094352512194737e-01 1.069905619920556550e+00
8.021521054602215317e-01 1.087705006612623482e+00
8.095774716163087747e-01 1.107322294807852714e+00
8.153685768604206352e-01 1.069393596181797079e+00
7.872284722331021056e-01 1.060153994400285349e+00
8.073280311763059158e-01 1.036816210631942514e+00
8.216469202620630963e-01 1.047407174083253789e+00
8.216469202620630963e-01 1.047407174083253789e+00
8.216469202620630963e-01 1.047407174083253789e+00
8.216469202620630963e-01 1.047407174083253789e+00
8.266452855938292155e-01 1.031945757178587053e+00
8.262857025974278402e-01 1.017350019811419592e+00
8.316124982750914274e-01 1.019806959934557611e+00
8.394134702344656640e-01 1.007389367921179169e+00
8.867085964196558256e-01 9.750176016668956613e-01
9.625630214399730766e-01 8.517926621015193822e-01
9.481612393202552003e-01 9.021975529648735836e-01
9.224845946517986617e-01 8.794554319635516926e-01
8.925014710066438983e-01 8.727780172290603433e-01
9.266133280223164403e-01 8.833049359434987924e-01
1.002102928734439180e+00 8.444379354089776024e-01
1.007261538614014462e+00 8.405547375918160924e-01
1.013959000395263654e+00 8.171838845787802175e-01
1.025274808188421094e+00 8.127088110210664018e-01
1.079385914167896310e+00 7.023193063249087986e-01
1.050915399402188033e+00 6.953612928496990531e-01
1.033779608631608671e+00 7.224926155326308885e-01
9.980326351226819215e-01 7.606192077658873174e-01
1.014225532483691961e+00 8.028847223729959071e-01
1.029156069435036569e+00 8.328323623449958024e-01
1.015887093740033942e+00 8.321833786442311975e-01
1.087228354079540438e+00 7.783661564901318553e-01
1.040975669448171104e+00 7.801429342917248766e-01
1.049615994587433265e+00 7.652832108114783205e-01
1.009841489844383267e+00 8.175183002099543073e-01
1.031226522202007834e+00 8.237176366219055579e-01
9.923865336118663505e-01 8.495375553780056821e-01
9.856624770943893665e-01 8.198648768877560000e-01
9.776939886409580227e-01 8.090401304656382742e-01
9.717394412393861591e-01 8.106187786133148832e-01
9.873127839687657614e-01 8.338223848876615829e-01
1.043079951179147313e+00 8.144713965981641435e-01
1.021637014298245161e+00 8.259310009576295020e-01
1.003198594472237248e+00 8.264775367220630331e-01
9.619353219518195219e-01 8.155722886891920709e-01
9.349454148360581973e-01 8.100335395237735492e-01
9.425559552985076639e-01 8.072235681199055879e-01
9.162011109734818914e-01 8.402920174638243145e-01
8.611912576117014551e-01 9.148813508163267105e-01
8.676769404795384721e-01 8.893141883763397981e-01
8.638490834493937065e-01 8.555872023559423223e-01
8.857520359835828749e-01 9.169270506706699297e-01
8.323170055971355064e-01 9.878974222200171962e-01
8.429651685243703119e-01 1.068140846492368734e+00
8.438428385605688531e-01 1.039268214846758909e+00
8.381456697113209842e-01 1.076356010210857139e+00
8.556374508283935976e-01 1.111810631640406610e+00
8.672175686152552299e-01 1.102199372477118189e+00
8.292716880826273007e-01 1.107901681065053490e+00
8.716994327133527065e-01 9.969818533687595519e-01
8.941048551433967706e-01 1.028551747121845716e+00
8.699982799957652890e-01 1.046686124122037986e+00
8.221875992282798862e-01 1.039796032025296357e+00
8.515300848204605533e-01 1.028178653675594578e+00
7.869630150258379864e-01 1.094197880377334675e+00
7.989462442012426058e-01 1.101863458602153401e+00
8.148744584632704457e-01 1.100612128822124003e+00
8.172780495642848475e-01 1.066316173735878614e+00
7.992143531400114354e-01 1.010580243901506137e+00
8.202189846523365580e-01 1.032866015208600663e+00
8.194127447078315418e-01 1.048597145031703315e+00
8.216469202620630963e-01 1.047407174083253789e+00
8.216469202620630963e-01 1.047407174083253789e+00
8.216469202620630963e-01 1.047407174083253789e+00
8.223948481937719546e-01 1.021424192039535939e+00
8.329656626663369812e-01 1.016304215520023035e+00
8.360065536382311757e-01 1.021971613057653050e+00
8.499058869904242419e-01 1.031717798978699419e+00
9.364803192915379659e-01 8.819150676110808496e-01
9.423589351975211192e-01 8.903461429020914641e-01
9.331705154945486580e-01 8.933686981769338731e-01
8.955505004203184738e-01 8.858169609388256704e-01
9.092069389392249956e-01 8.741070926035471311e-01
9.754246998420837977e-01 8.226779084672251052e-01
9.986872337273288158e-01 8.338487500167280908e-01
1.006772696971250047e+00 8.429129009460335498e-01
1.046795559750156368e+00 7.931135173270167371e-01
1.066005713920041398e+00 7.671301681288555940e-01
1.054442222697992593e+00 7.147413475343715739e-01
1.054008960412567530e+00 7.257080157773361240e-01
1.061617974500546957e+00 7.384613001223419015e-01
9.881726838901548904e-01 8.032980389448833858e-01
1.039913729736091419e+00 8.195252339653302798e-01
1.030190652405488905e+00 8.157602910985480849e-01
1.067441172590567033e+00 7.803121348264362434e-01
1.044292012887711341e+00 7.914970398220435577e-01
1.048348596273156685e+00 7.827291931409373626e-01
1.051419583506896016e+00 7.717696486778231613e-01
1.034829023917235968e+00 8.137061852306881615e-01
1.011725648421653467e+00 8.364304280961432081e-01
9.907720481670894142e-01 8.509535626684563425e-01
9.772591363951208532e-01 8.693902996245153059e-01
9.927921514610708043e-01 8.251369121263799622e-01
9.799896908249589034e-01 8.136478902019758097e-01
9.784330899013192751e-01 8.369562061710187351e-01
1.011043117568968475e+00 8.344393252301347541e-01
1.044555197376404010e+00 8.181562646618263379e-01
1.010220482039030809e+00 8.376456996184997728e-01
9.855846833061780998e-01 8.204348858896886032e-01
9.553647010547332563e-01 8.280393479322447625e-01
9.320256708286687175e-01 8.123304037705862957e-01
9.098180961944632994e-01 8.174915534896067815e-01
8.761131327437242655e-01 9.130044854095574758e-01
8.752812785795516248e-01 8.898284815130740322e-01
8.470666814818053059e-01 8.902947662432575404e-01
8.481834350467533090e-01 8.871637580031817016e-01
8.677152568145040101e-01 9.469801667401919198e-01
8.261423413849070529e-01 1.019833301534287529e+00
8.455680810976274886e-01 1.066445853178513925e+00
8.293489203292865319e-01 1.023730790986743022e+00
8.223918999266455199e-01 1.108097856527819225e+00
8.368431011085510907e-01 1.124498793329778756e+00
8.415987878433648373e-01 1.108935831870464739e+00
8.781667202349033863e-01 1.063216063525519672e+00
8.799688686099098600e-01 1.012442354618080076e+00
8.721149753135856164e-01 1.033712993097645194e+00
8.597520493773033179e-01 1.042843336830401091e+00
7.761901636989430031e-01 1.102604358785268523e+00
8.374214749286100767e-01 1.056756608470894587e+00
7.882551460015333467e-01 1.098362420639185322e+00
8.054983737721590487e-01 1.089231045831121625e+00
8.241255139615422110e-01 1.058786404967694050e+00
8.213534379370988070e-01 1.050222344361759319e+00
8.038781560381064173e-01 1.017460166066566085e+00
8.156391492673662480e-01 1.042237266256655914e+00
8.176395272854273255e-01 1.050495604893211476e+00
8.194127447078315418e-01 1.048597145031703315e+00
8.216469202620630963e-01 1.047407174083253789e+00
8.235854811365512784e-01 1.021307609176732578e+00
8.357441114179421371e-01 1.009691058790864737e+00
8.384367413260397361e-01 1.016569153698102967e+00
8.428600308022008436e-01 1.020966918621874164e+00
8.890294949047332640e-01 9.646786146542699614e-01
9.402156470682557776e-01 8.602879487529998537e-01
9.401217580833587384e-01 9.126515225989588753e-01
9.115888677664167883e-01 8.670339409953323750e-01
9.031629827908600472e-01 8.765052814860805341e-01
9.223347940118961086e-01 8.467355002479607373e-01
1.010050731105009314e+00 8.429684139527113818e-01
1.022541793906203145e+00 8.293687118016367377e-01
1.009069528093226698e+00 8.214475471433425602e-01
1.087988098308087848e+00 7.816044781359754445e-01
1.088702384106578380e+00 7.102277407871619985e-01
1.058491175788952354e+00 7.151620913277013658e-01
1.062213655927330302e+00 7.269032668418584642e-01
9.988709137507906233e-01 7.827116710792890730e-01
1.034956265314516344e+00 8.200707623883509712e-01
1.055186470006606037e+00 8.002580156504619513e-01
1.008565513479067421e+00 8.326355166392814811e-01
1.038120257392874946e+00 8.137305182462879483e-01
1.039039588610178644e+00 7.958073180700694360e-01
1.051130843578178764e+00 7.888153849236346771e-01
1.041880160999111071e+00 8.197499150150471259e-01
1.037157633690691361e+00 8.135136902263151448e-01
9.836340677823479650e-01 8.455909945885184964e-01
9.846913268789585505e-01 8.658347124282509411e-01
9.892110039090487028e-01 8.135369994654532144e-01
9.649445197929222839e-01 8.255911686600904131e-01
9.717532699192282797e-01 8.505106931675768811e-01
1.018574747662193136e+00 8.469226196572549048e-01
1.041605466901957877e+00 8.154858060326743985e-01
1.001945886931147278e+00 8.184990758680081857e-01
9.768330382574555992e-01 8.179858912607939070e-01
9.488601040500588280e-01 8.175137514371589864e-01
9.229719617647209606e-01 8.149209116950789644e-01
8.632402094585726049e-01 8.679065235573911741e-01
8.544627275207440364e-01 9.254658884501021365e-01
8.720985881229412762e-01 8.879311721493268195e-01
8.635323501339285945e-01 8.837247997710911962e-01
8.100056541724521830e-01 9.345429216680624096e-01
8.358393149381990739e-01 1.023341027235303624e+00
8.234982621998068186e-01 1.037188615445732820e+00
8.275806448228422152e-01 1.060841089094801681e+00
8.175992166866553612e-01 1.048481128655871286e+00
8.266414125800904955e-01 1.111391980647222999e+00
8.571610261314596135e-01 1.088973836042030019e+00
8.551164790369333302e-01 1.096342238577204364e+00
8.629545885881989564e-01 1.004143755851666153e+00
8.626500821779364836e-01 1.045014856767162881e+00
8.552893939315939775e-01 1.030147639922765590e+00
8.447515193729426830e-01 1.015016347222998938e+00
7.815639981936034486e-01 1.097711330112050909e+00
8.149378022059429183e-01 1.077470173992363112e+00
7.963600349277382140e-01 1.095851017046566733e+00
8.238058889724783063e-01 1.071140441729757642e+00
8.143429929657041155e-01 1.074314298415693036e+00
7.976748921479275278e-01 1.045218591256936502e+00
8.038781560381064173e-01 1.017460166066566085e+00
8.154481801312188916e-01 1.060698960452965744e+00
8.176395272854273255e-01 1.050495604893211476e+00
8.176395272854273255e-01 1.050495604893211476e+00
8.244436219285684597e-01 1.039579360397861585e+00
8.270601174238101372e-01 1.019047113718473119e+00
8.384367413260397361e-01 1.016569153698102967e+00
8.444775309611212144e-01 1.049241377495324423e+00
8.521115070600300268e-01 1.032979780650801649e+00
8.829364811518984890e-01 9.477983977944010041e-01
9.071724136883155820e-01 9.089037295720480136e-01
9.031042593408062924e-01 8.940551450881866202e-01
8.936686049455120351e-01 8.778241324615569940e-01
8.875350074612401441e-01 8.760698226342685802e-01
9.384601926989487586e-01 8.383592523899480176e-01
1.008225045721263147e+00 8.282690404460941735e-01
1.028180427824741949e+00 8.151320455395217879e-01
1.042195317964808243e+00 8.159026866431923208e-01
1.102546015474270780e+00 7.274685618288331268e-01
1.088768328238277849e+00 7.164518231045788887e-01
1.055375667798864159e+00 7.353788594979816517e-01
1.021964651467826002e+00 7.277904508754782231e-01
1.014890259798008731e+00 8.223491809548391096e-01
1.096049028196727226e+00 7.935969516660483780e-01
1.030464678296231895e+00 8.310669831032071464e-01
1.041107713871932905e+00 8.224380945155647105e-01
1.036595343918308210e+00 7.880932239695424002e-01
1.059680548280202306e+00 7.695984302740984662e-01
1.045831407633804000e+00 8.081056968563263831e-01
1.057004654699718271e+00 8.030758700833939834e-01
9.983144531703624924e-01 8.246704696506217402e-01
9.962570849869232248e-01 8.361700400524409993e-01
9.932124108105896410e-01 8.113472073571333931e-01
9.990195379884798665e-01 8.079674815724415815e-01
9.931599876424378470e-01 8.179613687412040646e-01
9.950910708461272458e-01 8.371274339024828981e-01
1.014642258694137045e+00 8.327277885258298484e-01
1.021431278536920173e+00 8.421354846092368174e-01
1.039002473642106850e+00 8.131267377126677465e-01
9.860005670394745847e-01 8.231378542191474246e-01
9.605426802560372845e-01 8.154538236130242090e-01
9.331771163636601862e-01 8.132119614246583472e-01
9.119504592284216615e-01 8.192791833238837196e-01
8.355072837894325088e-01 8.929189210459527182e-01
8.810183368706652196e-01 8.837269169883407161e-01
8.821977655930856033e-01 8.846018069910679404e-01
8.510495617388786904e-01 8.920320629503600829e-01
8.022774961177059350e-01 9.712361677293733786e-01
8.324346256011140310e-01 1.039341173954150044e+00
8.337494968677622298e-01 1.048590170018262935e+00
8.234749075356743164e-01 1.088890949505504357e+00
8.006417020363890691e-01 1.106862439737903880e+00
8.112257648084568729e-01 1.130626634739113845e+00
8.362400267980667490e-01 1.096192097666561338e+00
8.812412513068372810e-01 1.038583667165168256e+00
8.621928344292211222e-01 1.023709684149809451e+00
8.511048515392155567e-01 1.032607956258214221e+00
8.510569250272970176e-01 1.023088273052912500e+00
7.793615288702371302e-01 1.058399888862455507e+00
8.244958128458363955e-01 1.072992862002535963e+00
7.898054533665375132e-01 1.087592211627306460e+00
8.023016470242285703e-01 1.082885098193778539e+00
8.306714950850268009e-01 1.036950554816436831e+00
8.213534379370988070e-01 1.050222344361759319e+00
7.993441090840380792e-01 1.038921088597277054e+00
8.188535444665770990e-01 1.023585012547385986e+00
8.154481801312188916e-01 1.060698960452965744e+00
8.176395272854273255e-01 1.050495604893211476e+00
8.176395272854273255e-01 1.050495604893211476e+00
8.201092772266329600e-01 1.022529994727771285e+00
8.355422840737755097e-01 1.010995125159843466e+00
8.447174389998093336e-01 1.041208897257289268e+00
8.472051464805271381e-01 1.024880643197982666e+00
8.678142156732009393e-01 1.013045564884414995e+00
8.959502517035035085e-01 8.862932683276664170e-01
9.040620211397636385e-01 9.072922454076750576e-01
8.905644516727657667e-01 8.742761550094428902e-01
8.887213455195178691e-01 8.712735823373424227e-01
9.132761435901740610e-01 8.445616349071014550e-01
9.951355568985077449e-01 8.520361545930585923e-01
1.023935301208036552e+00 8.175554650897889353e-01
1.020569153815529928e+00 8.127779994257673390e-01
1.093877883118095307e+00 7.452052678878201553e-01
1.120969092473282691e+00 7.081258263026474209e-01
1.076378252187413676e+00 7.201814373623320886e-01
1.026214641518009785e+00 7.229691221854099847e-01
1.029720047390863424e+00 7.764860073423015541e-01
1.056814207182386056e+00 7.880446975325313685e-01
1.048354456661669154e+00 8.158395588096204465e-01
1.030812706663853051e+00 8.518915404111999656e-01
1.053937463559214693e+00 7.984733232878843401e-01
1.043586411877369224e+00 7.710650466925288438e-01
1.070508482192538136e+00 7.598882120849412836e-01
1.064638713341863774e+00 8.041725223437610204e-01
1.057119687295243082e+00 7.921519255836642071e-01
9.913024169511600592e-01 8.311654049605574635e-01
9.932563511372400900e-01 8.357454771059315002e-01
1.000540835401088957e+00 8.157751892810740646e-01
1.009242130637398649e+00 8.324497054726373024e-01
1.001459854392990678e+00 8.391903547745706016e-01
1.018922029340281643e+00 8.312860797842156479e-01
1.049100512400527485e+00 8.272054697461328487e-01
1.022014184568842188e+00 8.236109230981745188e-01
9.700598767355633756e-01 8.121912440530478783e-01
9.694299561769587070e-01 8.046529843880376731e-01
9.340290499137732239e-01 8.174515535885323869e-01
8.843301006485451143e-01 8.590718719699750316e-01
8.672317937411277988e-01 8.646560980096784643e-01
8.840507554370886645e-01 8.725471053088172946e-01
8.558812104888301464e-01 8.882094933758637456e-01
8.108400432429078153e-01 9.541161729630291966e-01
8.033956151298577986e-01 9.900234757143145936e-01
8.003590772858141245e-01 1.042554483022198886e+00
8.224148183923553068e-01 1.074247543491877011e+00
8.264537293581314392e-01 1.094834332119487996e+00
8.230057603186222703e-01 1.122955778381298675e+00
8.153276962758471136e-01 1.114834213680391706e+00
8.550126522165387710e-01 1.074108236257729887e+00
8.558577162744835931e-01 1.039396650762236751e+00
8.584258083415210461e-01 1.039624073529635817e+00
8.657863350234507038e-01 1.019194132441817446e+00
8.326838371619643686e-01 1.011531071874802068e+00
7.774069271545663851e-01 1.080192791234519056e+00
8.039012785841082032e-01 1.099587598675742406e+00
7.998461211012791727e-01 1.083749142181752445e+00
8.026680958492857787e-01 1.087774767219963801e+00
8.355493934217284036e-01 1.037839687327655414e+00
7.976748921479275278e-01 1.045218591256936502e+00
8.012112580701774567e-01 1.022240953023225929e+00
8.112919991376837947e-01 1.032035304136222242e+00
8.154481801312188916e-01 1.060698960452965744e+00
8.176395272854273255e-01 1.050495604893211476e+00
8.295517176812224891e-01 1.014076098887046751e+00
8.432078684949627645e-01 1.014518051859908176e+00
8.438139642048274602e-01 1.017878301824044929e+00
8.433679448647761756e-01 1.056677172767063855e+00
8.571301647502527210e-01 1.012913506222136828e+00
8.568420328407989617e-01 9.550335339497133536e-01
8.952313327905520035e-01 9.089673977938678151e-01
8.578458555081842629e-01 8.955136705731640001e-01
8.979895699302222756e-01 8.762935722646908454e-01
8.814049518532937055e-01 8.762991611847236184e-01
9.486011346028128122e-01 8.479565382762987991e-01
1.005264012060167467e+00 8.234667918744772441e-01
1.034557027714957611e+00 8.131851943961017071e-01
1.052100100182049802e+00 8.141063345042414134e-01
1.119141683560598288e+00 7.145006818537006366e-01
1.128805061393312048e+00 6.896270552259299302e-01
1.077527368095906324e+00 7.066597561050503851e-01
1.038125591430909322e+00 7.662295622491048785e-01
1.029862367939061718e+00 8.447990120507283818e-01
1.045738237321098163e+00 8.371668951104981327e-01
1.021936294060791450e+00 8.519835720073051233e-01
1.036685144349348997e+00 8.166794499812313202e-01
1.039674581629964401e+00 7.902502223710969886e-01
1.066120558285353681e+00 7.612044991528331694e-01
1.062239152284035093e+00 7.967146197815941910e-01
1.053442928122158451e+00 7.889657809481163131e-01
1.006278805927918851e+00 8.301635938842759632e-01
9.937068353944877863e-01 8.328883119094155907e-01
9.973574162239725593e-01 7.995438213009090633e-01
9.914101838464774996e-01 8.134315616621401457e-01
9.984466875261032159e-01 8.264147976081009928e-01
1.025980694992401077e+00 8.280935099029428370e-01
9.973468208151572423e-01 8.538461076631803648e-01
1.027756714181342623e+00 8.290455011552511078e-01
1.044432985066128694e+00 8.261275667178139548e-01
1.028088070363841755e+00 8.149804800535415117e-01
9.697497661576185424e-01 8.115828410249256164e-01
9.453552643721301330e-01 8.108313956336785644e-01
9.479148621141011422e-01 8.070698114994071526e-01
8.625659617642046362e-01 8.843063042440755250e-01
8.688940407500237439e-01 8.773577510333092633e-01
8.766431149847772053e-01 8.825565143370227572e-01
8.269325246910343985e-01 9.045529147471328413e-01
7.888080757754813988e-01 9.817952642147553810e-01
8.110484123666700240e-01 1.026021831473050483e+00
7.841099757757818978e-01 1.060736414754282597e+00
8.052070932560441152e-01 1.077166381392087313e+00
8.119690542275441736e-01 1.094539899317396481e+00
7.929742563927362209e-01 1.142289335398907868e+00
8.548678962132997272e-01 1.059474224535609466e+00
8.726499578480756414e-01 1.061547870664948601e+00
8.651552484483807648e-01 1.053082151215197326e+00
8.408099438258289648e-01 1.043883352665704978e+00
8.444687288312345830e-01 1.009529025759431597e+00
7.797627815923542371e-01 1.045443315030953446e+00
7.680457932113439190e-01 1.095041364003778828e+00
7.996669984125656105e-01 1.066862357179332976e+00
7.951710846772094277e-01 1.087298168259899445e+00
8.211110113267160449e-01 1.045525309975958939e+00
8.346930091853972389e-01 1.029541014998136994e+00
7.998229531929547109e-01 1.038131848333321283e+00
8.158549030064836671e-01 1.008799220515502304e+00
8.078394234469785662e-01 1.052941353591477336e+00
8.130376968740453680e-01 1.062065839054616934e+00
8.235483344670486705e-01 1.039765906294944031e+00
8.365601497606417469e-01 1.017997526125140606e+00
8.369327397639185762e-01 1.019773258717259878e+00
8.413226482399271955e-01 1.049783687868679705e+00
8.473594526075675093e-01 1.027740971754054211e+00
8.320698017497821786e-01 9.938422431046506356e-01
8.772831374264711268e-01 9.322131935921049717e-01
8.571842730121108644e-01 9.087998406717269217e-01
8.777671548384241573e-01 8.843290747425711640e-01
8.960855948540509264e-01 8.679856149933813381e-01
9.204754135907244894e-01 8.643694267978008217e-01
9.822712946893829011e-01 8.199349082387124010e-01
1.048218752545801769e+00 8.010164752136534894e-01
1.071945625715904571e+00 7.970891603212560961e-01
1.108171646067558358e+00 7.212137691980616827e-01
1.170534484614354165e+00 6.964780551386897667e-01
1.097384241719487230e+00 6.945471664710173298e-01
1.039664048382555883e+00 7.895698990708569509e-01
1.043134890240262624e+00 8.269750708097891589e-01
1.043169505182077073e+00 8.420147581187796826e-01
1.061348806606445594e+00 8.394083921033416162e-01
1.020885541481604930e+00 8.531570012462438291e-01
1.036787663938794735e+00 7.978008455586518277e-01
1.041232750274755370e+00 7.690491486005613941e-01
1.093085496306150928e+00 7.640011727860854807e-01
1.063021419425334235e+00 7.945084387998915254e-01
1.054771835720697659e+00 7.880577768021382878e-01
9.978521625802155848e-01 8.230821474168706908e-01
9.980188535697692709e-01 8.267490514903660381e-01
1.018294618376138772e+00 8.118137547989723313e-01
1.023027577758395035e+00 8.280457125727185286e-01
1.033724084110785091e+00 8.275685871167507424e-01
1.033525193344003501e+00 8.413400777242702189e-01
1.040660575209046756e+00 8.210892878622931823e-01
1.035186372810158240e+00 8.197462820949505957e-01
1.004561843110989949e+00 8.087243942250678108e-01
9.766382994279102503e-01 7.998278002573862011e-01
9.512347679619952423e-01 8.148757267527773074e-01
9.043121932533539908e-01 8.550044740629730855e-01
8.827751681706244025e-01 8.708302093129719479e-01
8.551899132333434794e-01 8.724709583113909872e-01
8.246294257841084718e-01 8.908731953087086763e-01
7.897031283198854279e-01 9.663601883649072244e-01
7.983385681600848605e-01 9.973947654447503641e-01
7.858723697999957514e-01 1.028888275242595185e+00
7.541210134817685207e-01 1.099200501846123501e+00
8.021290132499960812e-01 1.159283875914622897e+00
7.823265724604795412e-01 1.119740557966810712e+00
8.320251764151069818e-01 1.089040583369387694e+00
8.638090448667606891e-01 1.047942889418685963e+00
8.621015571594140559e-01 1.037665174352398800e+00
8.530436060335123694e-01 1.058921722893546802e+00
8.523214700666049692e-01 1.038685787972975172e+00
8.472963772576900254e-01 1.009107114743434730e+00
7.738882435280683980e-01 1.045960617408247417e+00
8.054546497758723334e-01 1.078805146771966372e+00
8.007676480391334728e-01 1.065493314950499704e+00
8.000226408035876480e-01 1.075505633229020930e+00
8.311806086428390472e-01 1.035415822292281129e+00
8.342012216390107815e-01 1.023621187566053026e+00
8.017936823617112241e-01 1.044145422343244700e+00
8.085300607848413534e-01 1.012051989012611175e+00
8.041899823153615401e-01 1.056077950706304280e+00
8.217285701417673671e-01 1.057281841384027032e+00
8.331999845594543208e-01 1.026823212520924011e+00
8.380389852374522386e-01 1.019276615926917096e+00
8.409255983157425396e-01 1.042759711292963187e+00
8.473315792276053804e-01 1.044685569478496001e+00
8.201574018286630352e-01 9.933483380235648141e-01
8.537836453743269383e-01 9.560286179718919808e-01
8.789467053387544082e-01 8.942171005483625645e-01
8.720239029244507556e-01 8.889918570400565656e-01
8.704979577331742879e-01 8.941075063481609408e-01
8.946124519623455118e-01 8.742326349378489736e-01
9.555765707149467270e-01 8.260162285613510402e-01
1.003686477309561953e+00 8.028647596718231361e-01
1.061918708142928436e+00 7.829869923139506360e-01
1.075997147672444365e+00 7.616861014364977311e-01
1.127542024765322726e+00 6.991445702626398750e-01
1.124995758290479264e+00 6.968340217671037395e-01
1.026403213782690838e+00 7.787173460557222926e-01
1.032585845024742488e+00 8.442493819083931594e-01
1.037974690280512258e+00 8.199959795467177681e-01
1.071272267414363100e+00 8.458166889210960715e-01
1.020438138017194296e+00 8.555278357537126066e-01
1.037093816992911588e+00 8.052183392524624450e-01
1.040228434339206309e+00 7.889458271501686992e-01
1.077698306631181824e+00 7.593856078504861440e-01
1.069733037297887046e+00 7.936245982260554666e-01
1.055540241558268200e+00 7.877205813282690539e-01
1.011687531062624990e+00 8.072280148877427619e-01
1.008317209028049666e+00 8.228976472375948426e-01
9.928995860846473454e-01 8.217114097525657357e-01
1.037484033464584510e+00 8.132640665145806080e-01
1.001070027856539646e+00 8.210249656927973705e-01
1.040599144692733624e+00 8.232533387685202486e-01
1.032643900259245573e+00 8.337189199926390293e-01
1.038116078786661678e+00 8.397867588245240267e-01
1.037926267998334540e+00 8.131711618681105591e-01
1.029839762265880587e+00 8.286394071216472978e-01
9.928528816305937088e-01 7.985808235075225747e-01
9.881485209765474842e-01 7.966869945121600738e-01
9.119242555830574526e-01 8.410560629867532834e-01
8.791460769030683409e-01 8.526272316750626024e-01
8.868195055236783864e-01 8.711860766428601854e-01
8.421532529639649267e-01 8.906192635655482137e-01
8.016114020317102185e-01 9.353867409730339810e-01
7.887850523731563257e-01 9.840782368151896886e-01
8.045082849078656340e-01 1.025328589342698216e+00
7.583872473320651952e-01 1.063859974906807837e+00
7.444052540934165130e-01 1.101104418927079553e+00
7.999051566391579549e-01 1.133748215941736914e+00
7.891506965314721844e-01 1.128147641645709465e+00
8.320292885359683588e-01 1.050909229661909139e+00
8.565146531955348808e-01 1.033283710283104728e+00
8.506232049365278769e-01 1.069329433974176347e+00
8.589654853297410408e-01 1.044675906804116039e+00
8.543651023680624013e-01 1.017541111255533703e+00
7.886218414814962774e-01 1.062553818538167771e+00
7.658519096563666251e-01 1.067933906113391895e+00
7.984334472379769343e-01 1.090209494908140897e+00
8.025379603743054702e-01 1.065248599908042992e+00
7.943120153087318558e-01 1.073379954228955491e+00
8.355576908157605898e-01 1.026525279704053162e+00
8.067773050262391221e-01 1.029248410400618541e+00
8.031185227277066740e-01 1.019609690639889932e+00
8.004149628718894016e-01 1.039491220980623742e+00
8.198522213389618507e-01 1.045522831794683638e+00
8.286075525120529806e-01 1.044496345575412821e+00
8.413534516340814839e-01 1.012816274143905959e+00
8.364322623065366669e-01 1.018969874873734804e+00
8.164777481195060194e-01 1.039628186979443036e+00
8.334967952991468865e-01 1.011837044754984927e+00
8.183207249427449925e-01 1.013721481707041683e+00
8.759436115566474612e-01 9.103077584087670981e-01
8.610172390716912538e-01 8.943824632624808313e-01
8.691638416462884598e-01 9.038594369546378848e-01
8.847177934234866648e-01 8.725801554611829491e-01
9.286285818160923133e-01 8.370670140305833673e-01
9.902241207756288244e-01 7.900596609068513132e-01
1.040649733610925054e+00 7.938984704939237025e-01
1.073987811131493775e+00 7.770857948073967014e-01
1.077441420007259065e+00 7.363930407700495229e-01
1.141092975034021073e+00 6.990665481522677638e-01
1.060276521450556952e+00 7.779924533124553676e-01
1.068640880802648629e+00 8.442115700248127297e-01
1.042963553334902427e+00 8.293682450668946604e-01
1.048029289036058742e+00 8.523345561680492066e-01
1.047617424167518463e+00 8.595077355337953362e-01
1.035185775425739862e+00 8.441716136054036035e-01
1.048760833356454869e+00 7.977775434155802703e-01
1.060677450639153863e+00 7.625769445635002253e-01
1.056000469628297633e+00 8.132408249205418382e-01
1.079959022670846869e+00 7.903426153760558792e-01
1.042944117417999417e+00 8.013281817688823194e-01
1.014324394378806282e+00 8.264611966262206399e-01
1.012159355040172626e+00 8.164066664229473469e-01
1.019021112621480984e+00 8.248477321472178492e-01
1.026750577146012589e+00 8.203704774969674540e-01
1.053731540181024773e+00 8.227184552545983021e-01
1.033819410736184219e+00 8.426825656095631167e-01
1.020290771227670534e+00 8.359244435778279136e-01
1.043824231208799080e+00 8.126623762100262383e-01
1.036296639873957481e+00 8.279397367758370985e-01
9.903476827075071709e-01 8.120667237534513472e-01
9.723431187208936288e-01 8.104971766877164807e-01
8.886753583707527326e-01 8.816318673392646854e-01
9.129017765823866926e-01 8.448771840592398386e-01
8.607641905873578692e-01 8.743501743348875976e-01
8.267077813075160986e-01 9.271142445628248741e-01
7.880722881066350993e-01 9.739899301196672798e-01
7.952645281748795814e-01 1.022607224883499200e+00
7.885031080041785545e-01 1.084016237752460476e+00
7.516020564912596624e-01 1.068042105149281218e+00
7.213467257545346234e-01 1.152933699923955224e+00
7.762256253885294610e-01 1.151353820021471241e+00
8.246845507892489602e-01 1.053220923630205030e+00
8.554664144774354329e-01 1.037665782084231436e+00
8.280131396389692755e-01 1.049998191113511226e+00
8.533363621398418752e-01 1.091400098390537421e+00
8.533631335422956488e-01 1.032067970142551694e+00
8.056007613882827378e-01 1.034812948007973743e+00
7.856627005801086749e-01 1.059318518162139178e+00
7.591485445884567085e-01 1.081589267052456504e+00
7.888146127490099913e-01 1.081271672198161893e+00
7.992069831861128293e-01 1.055353129028365533e+00
8.071025294274205564e-01 1.034593169199549134e+00
8.376666717376545224e-01 1.024375091219654754e+00
8.093168157567858234e-01 1.032256504678782161e+00
