# This is the data for the dw statistics for the following parameters: 
#  3072 points, q0f= -0.574, h0f= 0.7304, zup= 0.1, zdown= 0.0
#  dw_up dw_down
1.354307329623251732e+00 1.426049452037602361e+00
1.375486539254747509e+00 1.466721078569208636e+00
1.311999358707030883e+00 1.432608427268840412e+00
1.355315352803184714e+00 1.330571534889026353e+00
1.353963123572363925e+00 1.454546876696783064e+00
1.361818044405078032e+00 1.411468346807148055e+00
1.349024213447287623e+00 1.440482391523454142e+00
1.323201195825847609e+00 1.426068691991142501e+00
1.300762366100082890e+00 1.426356972555858027e+00
1.299692998432996793e+00 1.451423383209221374e+00
1.330785126835763776e+00 1.455177986783416699e+00
1.361445822646613957e+00 1.420456639469559468e+00
1.344042804401469837e+00 1.292314919246174254e+00
1.323691142742394078e+00 1.307304973594567876e+00
1.339527501058547454e+00 1.421710532290800799e+00
1.350174269041531039e+00 1.453107336109743297e+00
1.352753520187154557e+00 1.455810879305228012e+0080
1.307177935445252848e+00 1.411570831766172152e+00
1.296975007323060147e+00 1.454852478726798459e+00
1.290617952092406373e+00 1.421838356645088064e+00
1.321794748323129820e+00 1.459284816623483971e+00
1.320046374788502064e+00 1.471306222535805119e+00
1.361787760902342326e+00 1.462802316813634151e+00
1.341965422091907501e+00 1.272673992752961114e+00
1.380949646517355411e+00 1.168954435784833157e+00
1.401568908503884492e+00 1.139749993324804755e+00
1.312309074234119910e+00 1.290329505006699629e+00
1.332543987965754129e+00 1.318617150209731692e+00
1.335205755770866309e+00 1.408966167218385968e+00
1.338391902416344426e+00 1.529234217692410969e+00
1.321542381310730541e+00 1.495262662692284694e+00
1.311749153426522874e+00 1.494641263537135778e+00
1.322558946989555340e+00 1.418897960448877171e+00
1.310350735510261933e+00 1.437043865633937934e+00
1.302054358568249359e+00 1.456065051764847684e+00
1.313973387184205421e+00 1.447645968909778480e+00
1.330986204945139972e+00 1.469434815647225001e+00
1.319964859225758680e+00 1.412122519877805127e+00
1.302359737405395679e+00 1.314162073838033296e+00
1.391906412135026860e+00 1.149920052691537409e+00
1.425830623207049674e+00 1.104231059249980662e+00
1.420581015956349225e+00 1.125771471591717532e+00
1.399482296456753927e+00 1.197582191676066943e+00
1.306746547709199513e+00 1.288677470909168843e+00
1.318288300134880409e+00 1.320765294458189354e+00
1.320566563735781740e+00 1.572627600204554943e+00
1.320621965185251767e+00 1.536632979048661696e+00
1.311016452211430927e+00 1.406763640577656682e+00
1.261747867905500975e+00 1.407749925085175491e+00
1.298305243005089205e+00 1.447090351691923571e+00
1.301395097705042803e+00 1.459290724131889760e+00
1.296996560766507489e+00 1.418860322049061429e+00
1.309245432923107577e+00 1.426157397245922942e+00
1.308073068904837655e+00 1.463174255202420948e+00
1.319436665892544269e+00 1.454975851493076622e+00
1.321649961899817427e+00 1.465607452874389871e+00
1.289703367501874309e+00 1.584977661091426349e+00
1.309302244850037100e+00 1.480304820617335260e+00
1.382566080067791248e+00 1.180721865448740582e+00
1.456485753153265561e+00 1.118321509047408346e+00
1.411671834599988795e+00 1.116607212043781328e+00
1.407469774018752506e+00 1.108923234393010882e+00
1.403865070132623183e+00 1.105055575913081567e+00
1.416337162340589595e+00 1.201935135310792546e+00
1.296409838074436660e+00 1.288106929097331488e+00
1.302233480703097301e+00 1.466382451693663880e+00
1.318618198140170117e+00 1.557170706882582634e+00
1.309678743780029464e+00 1.566946772078099182e+00
1.330161753562328020e+00 1.683987905721527234e+00
1.227525752440822737e+00 1.439636231387156906e+00
1.229860778813417266e+00 1.476928848985283649e+00
1.281477829282934522e+00 1.453516864417252696e+00
1.299369487409154145e+00 1.467610201543342319e+00
1.301375438165363718e+00 1.483215075550291751e+00
1.291015545820073829e+00 1.430137387098930901e+00
1.288992146406038319e+00 1.490998330825448859e+00
1.303227342779676778e+00 1.435946979184425265e+00
1.317124907797425415e+00 1.452505272731165809e+00
1.325705811209195728e+00 1.473550232198000076e+00
1.307991038533004469e+00 1.567814431426628907e+00
1.277682033758228419e+00 1.468323315514149296e+00
1.379627992359147681e+00 1.206405550166798957e+00
1.477629895677115890e+00 1.089077381998909466e+00
1.464300722875669036e+00 1.089776119046907521e+00
1.454838783132056834e+00 1.046364346384816679e+00
1.431228175798528124e+00 1.081268325129510322e+00
1.372378569713480712e+00 1.160850457813143111e+00
1.409558310125557323e+00 1.174067941740797982e+00
1.430530449322718889e+00 1.204957844608553374e+00
1.263246938083790738e+00 1.479396292808825786e+00
1.217660351778200534e+00 1.549569076403078061e+00
1.249592550506054112e+00 1.611158216000744048e+00
1.253272558922845059e+00 1.647654221595415525e+00
1.297474699467791259e+00 1.621242611218028484e+00
1.281332519109582346e+00 1.460959089807539968e+00
1.226263648881935175e+00 1.475169738936981112e+00
1.232612275603687024e+00 1.554110289451305249e+00
1.252500665188442941e+00 1.550710245553353905e+00
1.312530439869660892e+00 1.489053275686907707e+00
1.322452600990345672e+00 1.512747243989091883e+00
1.327395178158635947e+00 1.502489544995238679e+00
1.309120471432138277e+00 1.489263072897499818e+00
1.251104886680575401e+00 1.478459779002821772e+00
1.295800489053753557e+00 1.415515201648909427e+00
1.312353152945158419e+00 1.463209022080030453e+00
1.311495094040781684e+00 1.453321257346831041e+00
1.325989586528481423e+00 1.588863770929513697e+00
1.302448422467041622e+00 1.560547574272360460e+00
1.458026295016965346e+00 1.143193187664019117e+00
1.497975437680494570e+00 1.063459246578891015e+00
1.496466378333977776e+00 1.070982950611370610e+00
1.483977480469252486e+00 1.080982817549387853e+00
1.462807659724595366e+00 1.040302660834516946e+00
1.443580675841929617e+00 1.095230059220364982e+00
1.461753726755896654e+00 1.118773147726865869e+00
1.397255929338115266e+00 1.164412176619983086e+00
1.421816813321000073e+00 1.172684163933875645e+00
1.413754559569955438e+00 1.280900540135636811e+00
1.287212321992337927e+00 1.407954647485803346e+00
1.221605704742108278e+00 1.515567494223915013e+00
1.194076540142136711e+00 1.612077092448763072e+00
1.253394110477144885e+00 1.657644768832131188e+00
1.268319635299161696e+00 1.646349359642736765e+00
1.239707385580317789e+00 1.692617413245328883e+00
1.257986583224586230e+00 1.437022572337302240e+00
1.210945478425373256e+00 1.592554048329730909e+00
1.270791318209955945e+00 1.593386522745723566e+00
1.267668486463993993e+00 1.570917394264902178e+00
1.325345077951703532e+00 1.717558580501311161e+00
1.364191510804834584e+00 1.651744561981053794e+00
1.359230600057887761e+00 1.677000989913466134e+00
1.365213211557438022e+00 1.680139547379460696e+00
1.317356605877487263e+00 1.531619575274205669e+00
1.254548975274571321e+00 1.488829634887649300e+00
1.269878825623669050e+00 1.456551702095953527e+00
1.311710204823088199e+00 1.466470967663902059e+00
1.324711873774583548e+00 1.463881166197531725e+00
1.335812853953286750e+00 1.599000067043390150e+00
1.384608070207544728e+00 1.540357800168867142e+00
1.454752065918925252e+00 1.187321126291259743e+00
1.508420641786807570e+00 1.120097400075576122e+00
1.513857453249170648e+00 1.068161528937211502e+00
1.513601656742544987e+00 1.059599290125168292e+00
1.481784140158784346e+00 1.064039605536166055e+00
1.505939641676943497e+00 1.032978970096342985e+00
1.443966545548552194e+00 1.120835834242469797e+00
1.438657607521132142e+00 1.095102135911822927e+00
1.452707391065064080e+00 1.124804840078565960e+00
1.364375276015571181e+00 1.214878379213788051e+00
1.400921290432072031e+00 1.211676758617630245e+00
1.421406771523985091e+00 1.304541717430267145e+00
1.266376726720199519e+00 1.419143307721513425e+00
1.154837637223252278e+00 1.593719053660993756e+00
1.159106867899904358e+00 1.596755499077858520e+00
1.181696947415326271e+00 1.687193209336402822e+00
1.249372811433631547e+00 1.619949851037863819e+00
1.254030658569826873e+00 1.624393160274024028e+00
1.213141811186222219e+00 1.538234652449498752e+00
1.222027157692167298e+00 1.499484282184335493e+00
1.249612141394761622e+00 1.622313144142169206e+00
1.308188477639051772e+00 1.714021139106887803e+00
1.294583398194216528e+00 1.704267391124992592e+00
1.303362425687475179e+00 1.693798924053333099e+00
1.358036885836356511e+00 1.659003907157980295e+00
1.367595608066325186e+00 1.675207203555014068e+00
1.373671532182096922e+00 1.660563450062355617e+00
1.349071064198725800e+00 1.687869720322598521e+00
1.350229073870341079e+00 1.689878971961974896e+00
1.274282534608305095e+00 1.513751699468164569e+00
1.282736318613089344e+00 1.430989156093131376e+00
1.322051569045760155e+00 1.494621132386447115e+00
1.305493563291345582e+00 1.520499345404495051e+00
1.336974216014968020e+00 1.599675561568957738e+00
1.381829640163597439e+00 1.559805517200829161e+00
1.444888072410179802e+00 1.186823152180246810e+00
1.549371919554118016e+00 1.127385799483086259e+00
1.494097903575507535e+00 1.120342364358680953e+00
1.480724570891654768e+00 1.123425940603762552e+00
1.484772438688467977e+00 1.092198212504898569e+00
1.483693521190343034e+00 1.084071871369132856e+00
1.409310477636682712e+00 1.146705775191708465e+00
1.414979721884916497e+00 1.115924309103588641e+00
1.415915947515396844e+00 1.122700729646384454e+00
1.399156803052054254e+00 1.121287427125055469e+00
1.434561616854618915e+00 1.172393151920359644e+00
1.389974118181919405e+00 1.219561434504108366e+00
1.404837435067433971e+00 1.298746208279722758e+00
1.356062340890588969e+00 1.322444996647775373e+00
1.245106056961086338e+00 1.393032621125082304e+00
1.153858693952288128e+00 1.595786551661628527e+00
1.160938282124480470e+00 1.566574683838607429e+00
1.163314007712605846e+00 1.663243690114089235e+00
1.194580196237634784e+00 1.658179005867243205e+00
1.250665436645998607e+00 1.628064312885131981e+00
1.226439861985439972e+00 1.677710100266312176e+00
1.224028345489575509e+00 1.534333923011274914e+00
1.247589005454079025e+00 1.599039408649002514e+00
1.271177008415692145e+00 1.758566163264889681e+00
1.291143151991352767e+00 1.717894396806816104e+00
1.309532155344426130e+00 1.787049550669013831e+00
1.306118091685811056e+00 1.775966202137657879e+00
1.324700938251755611e+00 1.795078947443992545e+00
1.359565311597691339e+00 1.726795989214408467e+00
1.371412410321082520e+00 1.773800056723326968e+00
1.376969000446322866e+00 1.742882617735374229e+00
1.339397840991868094e+00 1.680184262244064808e+00
1.332281128644235091e+00 1.689681272837573633e+00
1.251968424707375460e+00 1.515888972972597726e+00
1.289429662755215533e+00 1.447444451365358375e+00
1.309788903359928591e+00 1.532088415750120447e+00
1.301345338314416233e+00 1.506064944445647091e+00
1.297419102118260392e+00 1.604333673486559420e+00
1.384199297381358162e+00 1.559613253849607473e+00
1.469016707433790980e+00 1.424765157799909643e+00
1.509588346160019690e+00 1.185420075171975673e+00
1.503047751646364061e+00 1.171334851712729330e+00
1.510620479608972833e+00 1.099184825429790013e+00
1.496791750941456778e+00 1.122343522107191793e+00
1.469083870526879387e+00 1.075347492950719852e+00
1.448843976096471975e+00 1.078324163946394743e+00
1.420293437376750401e+00 1.193935970964594029e+00
1.406629357909708000e+00 1.148479209602837559e+00
1.397241807209028908e+00 1.133836426341885861e+00
1.386525958473882936e+00 1.129624193664984233e+00
1.419522226570633761e+00 1.157163306007873649e+00
1.419362169321687572e+00 1.181665576122300498e+00
1.365172715580232010e+00 1.314421989768540522e+00
1.364537489560235350e+00 1.307287694051731286e+00
1.343175460526294440e+00 1.316128093508829533e+00
1.282234781528474921e+00 1.379965595798967382e+00
1.135271616282992557e+00 1.565452840608033025e+00
1.156913115848348106e+00 1.535366950049282142e+00
1.167876866187140372e+00 1.626601451554952504e+00
1.184745069417506791e+00 1.619031131944604240e+00
1.175539330624495671e+00 1.666092143823789451e+00
1.199233416442062827e+00 1.682188877984930997e+00
1.222994832055030345e+00 1.558437052706048265e+00
1.208324916506645419e+00 1.590402957536579009e+00
1.267147471085792398e+00 1.742201035831620448e+00
1.302940259864073802e+00 1.702240500801541545e+00
1.298752748217280928e+00 1.780128117091307027e+00
1.296356800950156263e+00 1.780905413551814531e+00
1.305903713661195509e+00 1.766909382193407874e+00
1.315980366760256315e+00 1.773350025626513116e+00
1.325798990528812338e+00 1.797604717099755112e+00
1.329666556653589904e+00 1.755297185165599183e+00
1.363021450402615020e+00 1.750629168672594327e+00
1.367831636087931457e+00 1.750852633292354188e+00
1.351664164545161917e+00 1.742504529545295000e+00
1.326020080389046285e+00 1.705027518749459903e+00
1.290951813796729963e+00 1.665658253564096469e+00
1.301420598357125646e+00 1.533550562192787625e+00
1.288343534301530591e+00 1.503946757443248350e+00
1.306363592978481369e+00 1.508583882547346100e+00
1.360325381358357788e+00 1.567054495561126304e+00
1.402893230472785691e+00 1.581976465563662781e+00
1.469021007062076389e+00 1.455839133896855930e+00
1.517922598689432023e+00 1.180313267639484964e+00
1.486597960822576336e+00 1.235892607297166546e+00
1.499393095089713634e+00 1.161110007231759722e+00
1.503615085475080049e+00 1.128367048904280079e+00
1.492570146452296687e+00 1.141747064971173620e+00
1.436978203382775154e+00 1.133423986534250805e+00
1.448892090645998776e+00 1.137146815266636191e+00
1.417848823044810747e+00 1.215103151872340526e+00
1.440388126055163198e+00 1.239652682766034575e+00
1.428363328563020618e+00 1.165605886063286523e+00
1.391448035757691715e+00 1.179371496239874473e+00
1.415097312871951729e+00 1.187081195820736790e+00
1.428456128165318084e+00 1.172325390393879729e+00
1.367335102176266304e+00 1.319066547417648394e+00
1.441040029267435463e+00 1.327292500589019708e+00
1.352037583567883949e+00 1.333051178720805474e+00
1.332663801044132956e+00 1.312079460407800546e+00
1.270032272840834864e+00 1.391369218939363162e+00
1.140460469989814207e+00 1.566866226033890364e+00
1.145571660230615185e+00 1.570164060791258587e+00
1.170023080301294982e+00 1.517419093470353753e+00
1.169453097918715212e+00 1.620287683214862273e+00
1.167478023891894257e+00 1.668220630543335581e+00
1.199714750014988507e+00 1.608985561355120497e+00
1.185651540964729023e+00 1.670691251204982741e+00
1.245691110036720284e+00 1.603215747550308379e+00
1.236329661801889968e+00 1.760366049730815119e+00
1.250512548720936534e+00 1.781251029971940403e+00
1.283114106527952547e+00 1.804463863215637343e+00
1.285305192148505693e+00 1.783172194003508793e+00
1.298864747680887888e+00 1.747921754272746098e+00
1.295920395389589475e+00 1.757211373674882005e+00
1.293152023785901994e+00 1.755435714231746269e+00
1.306376383261001806e+00 1.752991390860650922e+00
1.336694348452409198e+00 1.721503512106820954e+00
1.341462960253245740e+00 1.722770159089420661e+00
1.353542158281081598e+00 1.702328905035602524e+00
1.348550101771529119e+00 1.704638207131601524e+00
1.344983169585701077e+00 1.711624558307734523e+00
1.294724823748038434e+00 1.765103519451220571e+00
1.288182372330347603e+00 1.701458661381390902e+00
1.301075078887334424e+00 1.508585324475155254e+00
1.291968963371764145e+00 1.494128600360553838e+00
1.319435530126001677e+00 1.528871637806241468e+00
1.351045877403285189e+00 1.556411804916770780e+00
1.402836815943483639e+00 1.590187280250958457e+00
1.455448655533930769e+00 1.464334637063561040e+00
1.518755360665166698e+00 1.270856627347650925e+00
1.513106976823520800e+00 1.299987100995946054e+00
1.503397851603599955e+00 1.240428513475968941e+00
1.495137595574415723e+00 1.208482565071998582e+00
1.457334426078305878e+00 1.216750802990901770e+00
1.477930701693884741e+00 1.225101596683147998e+00
1.426066891320737051e+00 1.227441538334881121e+00
1.397545564574089738e+00 1.213900298425032442e+00
1.449825469781617748e+00 1.230771032595995740e+00
1.440384033310455614e+00 1.241489703760487506e+00
1.417881662885451810e+00 1.207912593906125709e+00
1.383929400636826124e+00 1.177524996754496067e+00
1.486786283546523313e+00 1.213336639646589443e+00
1.446068937170875701e+00 1.229282235664196810e+00
1.433578492133153359e+00 1.238695742760026031e+00
1.438930080468450390e+00 1.330442724991775183e+00
1.439882719789896459e+00 1.330672570837794444e+00
1.425175340886158493e+00 1.308080785438740845e+00
1.404706358766513175e+00 1.351746735511097475e+00
1.364514081632212328e+00 1.411435993265764077e+00
1.139804286133148103e+00 1.524831609200798077e+00
1.150813504542951060e+00 1.560323207772773557e+00
1.167641570685419294e+00 1.544443794951035009e+00
1.161896025346296879e+00 1.651232084647032305e+00
1.158951172312341127e+00 1.654441230937045093e+00
1.202739637110473270e+00 1.620988323110768015e+00
1.236762035885244249e+00 1.673799565878885787e+00
1.225111130864377174e+00 1.625177450279002622e+00
1.185989016980025346e+00 1.790180107803802656e+00
1.231829879717038390e+00 1.832285462024302980e+00
1.223131947451062018e+00 1.829568945186666129e+00
1.275565098818364884e+00 1.802289134843416241e+00
1.291398040093618249e+00 1.822264803285942758e+00
1.286827489559362103e+00 1.789927287371130271e+00
1.276996670367527065e+00 1.754607751950876260e+00
1.278441263656340920e+00 1.710091959531764294e+00
1.298655553201619073e+00 1.734018433454993735e+00
1.296606291574553094e+00 1.742516833668772858e+00
1.324291792309862270e+00 1.701564219401390687e+00
1.305165021019229155e+00 1.727221817609674082e+00
1.311354855704909284e+00 1.700427043372631175e+00
1.339109089989185764e+00 1.703359658851457237e+00
1.317342510382814025e+00 1.734402552889519500e+00
1.293919587357965861e+00 1.767363880327275316e+00
1.281333040288876512e+00 1.667834781678956046e+00
1.330306731830740219e+00 1.630379236755900907e+00
1.301725216131158325e+00 1.487756899924470799e+00
1.301959745039421801e+00 1.611957823374480014e+00
1.352023089018695723e+00 1.554755571363772404e+00
1.367156060058870803e+00 1.590575081216735187e+00
1.480732779448760583e+00 1.464557163228842995e+00
1.540678094345646842e+00 1.346371844463700729e+00
1.532329366480120303e+00 1.283881989579118699e+00
1.481027172828777605e+00 1.266439622251304131e+00
1.490199331838927277e+00 1.205870985956422059e+00
1.450712504655132795e+00 1.194350713561390442e+00
1.451293419904775783e+00 1.198273477532754594e+00
1.413866189406281393e+00 1.186800872582286503e+00
1.416735987064709157e+00 1.226929703606110644e+00
1.423273614383204766e+00 1.302848382803184935e+00
1.453386346394270001e+00 1.340793847829628183e+00
1.440430180912898983e+00 1.350267400027436615e+00
1.434753937736936047e+00 1.247015550297479125e+00
1.461886087592043193e+00 1.310529076979929819e+00
1.410970404721652249e+00 1.289583407795275249e+00
1.393504304047761710e+00 1.318612121446607333e+00
1.422725040690069553e+00 1.262738172133707204e+00
1.431976772244537122e+00 1.290905629222591111e+00
1.415699431805931274e+00 1.360750377901567942e+00
1.393748043703099349e+00 1.391253934335078490e+00
1.390121007020837851e+00 1.374545785473026527e+00
1.379091450871717139e+00 1.385192172133121513e+00
1.426541050798136645e+00 1.412179224681310963e+00
1.242217217227648662e+00 1.568974691918810338e+00
1.155596779274500330e+00 1.561837869866273820e+00
1.165574504149384127e+00 1.541157961060817927e+00
1.164696913795410183e+00 1.663687056709012069e+00
1.212041189190431911e+00 1.666771736027936823e+00
1.172257524084383773e+00 1.661888321924176015e+00
1.141854681671231386e+00 1.641628691368882009e+00
1.215812938726717141e+00 1.732547308266731312e+00
1.250424138802371354e+00 1.772072184604259970e+00
1.218167680248806617e+00 1.789138231284938430e+00
1.199321882862255828e+00 1.824338106865751374e+00
1.242503455808679158e+00 1.795913823607362847e+00
1.287142544090427609e+00 1.761309896861041446e+00
1.274586899945053808e+00 1.797818680869894603e+00
1.250205878219126765e+00 1.775264855944193920e+00
1.253615717169332955e+00 1.774722968253787503e+00
1.261765472022245982e+00 1.756962578615366422e+00
1.267238284531517101e+00 1.750675488518216971e+00
1.269258621365667805e+00 1.743402889937427869e+00
1.275566137936189781e+00 1.740210102987251650e+00
1.292297133296687495e+00 1.685735405925830932e+00
1.313628042041697030e+00 1.693407106215254254e+00
1.305741162112568299e+00 1.717270815839479159e+00
1.334602360460877657e+00 1.707008449040042786e+00
1.284287818769425549e+00 1.739866516317178924e+00
1.263130423989194062e+00 1.740930496102753633e+00
1.309944427763617414e+00 1.696178631611456877e+00
1.319376434477317561e+00 1.662892850725384619e+00
1.328411780770380579e+00 1.530025224436845299e+00
1.328483536253132646e+00 1.562692385021459129e+00
1.355381258729673410e+00 1.554877093966743340e+00
1.342780003466632621e+00 1.661680538870996537e+00
1.495926390286469232e+00 1.453242871271620107e+00
1.566771368307859902e+00 1.336716171335855519e+00
1.525423614120347438e+00 1.239714802740012001e+00
1.498988440546826117e+00 1.256763907195305618e+00
1.488035832724848184e+00 1.218560739150004846e+00
1.445109061498080383e+00 1.189545724870282983e+00
1.452666962439879805e+00 1.191080727582170651e+00
1.428727648595219613e+00 1.193947804811548163e+00
1.421578802038927725e+00 1.204978539351544198e+00
1.398406523126912493e+00 1.272037605508898217e+00
1.415026409541741526e+00 1.294092923562504938e+00
1.450883116150395002e+00 1.298775942249637438e+00
1.405293164259580063e+00 1.342164358843183747e+00
1.453772819519535853e+00 1.365668930785208790e+00
1.444534811061948920e+00 1.317511458015301784e+00
1.445253667574081025e+00 1.328601425038028916e+00
1.374890919678564360e+00 1.295582725553666048e+00
1.382042364037216142e+00 1.331520338770179945e+00
1.416787927247881829e+00 1.325692418961229135e+00
1.396973378441921598e+00 1.392843237337930251e+00
1.379072323686572732e+00 1.459758541631524631e+00
1.386732895791144005e+00 1.528554373976670711e+00
1.378943665426611176e+00 1.425123741666089350e+00
1.370879432630424777e+00 1.389521554929971536e+00
1.428945337755327394e+00 1.417409451276529841e+00
1.429993858043522303e+00 1.401054614237135620e+00
1.247707283572727643e+00 1.607350908481173013e+00
1.251553308084175420e+00 1.601082895575503873e+00
1.188331197993903743e+00 1.599597188401422398e+00
1.191458584709732760e+00 1.682879524852189945e+00
1.135070830117882679e+00 1.683760540875332889e+00
1.133913585744352970e+00 1.674688076654337943e+00
1.170881940850220460e+00 1.732085698750291725e+00
1.249170151201668411e+00 1.719741413497923199e+00
1.222019828355029647e+00 1.833258854885222000e+00
1.208993731517155279e+00 1.822301050720465110e+00
1.191137846241801856e+00 1.828121722470316124e+00
1.229476346355014904e+00 1.796607733376874849e+00
1.273735671890313226e+00 1.769559682136955026e+00
1.253765709770523706e+00 1.746338342114670317e+00
1.250890376402003401e+00 1.739197024242818079e+00
1.252003629562384202e+00 1.739180123641461906e+00
1.219779653499788230e+00 1.779770625103603621e+00
1.239924307648675672e+00 1.746452174167026472e+00
1.260074928148455786e+00 1.767310507975160982e+00
1.302677965709227559e+00 1.693479472271788966e+00
1.331120765274211637e+00 1.677415536996610390e+00
1.324570593078386205e+00 1.677391559190812842e+00
1.333717489879649110e+00 1.675173290774575108e+00
1.337664606924865440e+00 1.659528388676378752e+00
1.315899951830014292e+00 1.692628851324556871e+00
1.281570416579244531e+00 1.735770733779113728e+00
1.273586916876987996e+00 1.719396993384770145e+00
1.308774976145314684e+00 1.704554829101756264e+00
1.302011082123935459e+00 1.630712486790049764e+00
1.346845756299215768e+00 1.522994977026985941e+00
1.328080878743958415e+00 1.557785718662449082e+00
1.342241918052457628e+00 1.574109254634280086e+00
1.364891572474466797e+00 1.570470898587585040e+00
1.485112112429975983e+00 1.446130144661219585e+00
1.584329818464728978e+00 1.401110646262578197e+00
1.534355208728975795e+00 1.299398502090432617e+00
1.520681802797750892e+00 1.241600642184542469e+00
1.480208201174707972e+00 1.248219023010948225e+00
1.461334131939451719e+00 1.207154542954354870e+00
1.457853815783506368e+00 1.182593804937460691e+00
1.448973441974419352e+00 1.191498380247002942e+00
1.444937389983369513e+00 1.210526610475332943e+00
1.438979140847789662e+00 1.206843943120842644e+00
1.425581221393797282e+00 1.288386612784818475e+00
1.421559146259128159e+00 1.293245335563460330e+00
1.441491976591745550e+00 1.326159456637581835e+00
1.473294035486593323e+00 1.344835058713050424e+00
1.477104832487075026e+00 1.359873483382994630e+00
1.442484927144712659e+00 1.382861883764551658e+00
1.416923110796597163e+00 1.315843276333558354e+00
1.364870857846139929e+00 1.415108609142093909e+00
1.366438901758364022e+00 1.423923026860049124e+00
1.380273510759341793e+00 1.419902215695117098e+00
1.398895676958322287e+00 1.383474321955931563e+00
1.398066892143431383e+00 1.397614289351328587e+00
1.392043427225005736e+00 1.496057049231505065e+00
1.341050764177747823e+00 1.591423891929496515e+00
1.355845450117138862e+00 1.551945781314940431e+00
1.324092173572291475e+00 1.505713765101356794e+00
1.394128021067832179e+00 1.561266055156719901e+00
1.428797070649099998e+00 1.440460836780516507e+00
1.327459866604565608e+00 1.694937078748560033e+00
1.303535499822890520e+00 1.646448926995596862e+00
1.278098324062030056e+00 1.666697029281108522e+00
1.167443317213787690e+00 1.706907957220029859e+00
1.140041746639025133e+00 1.683681110444855911e+00
1.120145183170657921e+00 1.676400963840311231e+00
1.168679540286550855e+00 1.688039268823203098e+00
1.209602278537701192e+00 1.878639669298638015e+00
1.262197664773660355e+00 1.803646639253464024e+00
1.210358905799532980e+00 1.839997425584715796e+00
1.199183913660491818e+00 1.872874340451456732e+00
1.182271445522578457e+00 1.825281095535591369e+00
1.193983074144480128e+00 1.785415811332651481e+00
1.253521895332244229e+00 1.717751125993460581e+00
1.255198984808097551e+00 1.746221544026990147e+00
1.252691993069318110e+00 1.737973938504720373e+00
1.223418354965473132e+00 1.732548475219597872e+00
1.264484580668744140e+00 1.736553719208111524e+00
1.261725255237464483e+00 1.705561444628580947e+00
1.258919440963699010e+00 1.732891418643648596e+00
1.300940919374737437e+00 1.728147769580356430e+00
1.295884105587331359e+00 1.691491983991846526e+00
1.314149609991729140e+00 1.658451634385897711e+00
1.337458645776784305e+00 1.644420509472020564e+00
1.331020591534716413e+00 1.676030442951895516e+00
1.332402748570641782e+00 1.669731458322488260e+00
1.353456012327427072e+00 1.654777023361251764e+00
1.301791546948021017e+00 1.689608042382401587e+00
1.271838741996199840e+00 1.720753395077920134e+00
1.319365754728419660e+00 1.718142539250306911e+00
1.323153972045974847e+00 1.692371456513690031e+00
1.354814179235112492e+00 1.631104240812940587e+00
1.337739242324986977e+00 1.556725574961278724e+00
1.338745105539298264e+00 1.603062894642078406e+00
1.376790942735948153e+00 1.578505924380065206e+00
1.487748685560430273e+00 1.434911651446578285e+00
1.582872737405332852e+00 1.370587789314232863e+00
1.549474433283240860e+00 1.307290499928936534e+00
1.511569666246658894e+00 1.256541704993859199e+00
1.475144033215759265e+00 1.257364375176060589e+00
1.484433917651691637e+00 1.215876460483687804e+00
1.449630950647573746e+00 1.188811957846904521e+00
1.464570579799480132e+00 1.201667998918532154e+00
1.452073209592089409e+00 1.200167542573117752e+00
1.442225110360587426e+00 1.249259340051848355e+00
1.447951323631796017e+00 1.262526401191498726e+00
1.440342314283137526e+00 1.305881237674199058e+00
1.400290782862195327e+00 1.314598783061571297e+00
1.434688279385704313e+00 1.369850440134140701e+00
1.452141393626143806e+00 1.358157396241302717e+00
1.450518072060807073e+00 1.341484642529687576e+00
1.450998801344274725e+00 1.358218651307898206e+00
1.406010539493961042e+00 1.488640516774562217e+00
1.383166302471121156e+00 1.414458647240191214e+00
1.371029727515101104e+00 1.433899064051754157e+00
1.375632687650050423e+00 1.441150283219975847e+00
1.386456851195894568e+00 1.420025448359405695e+00
1.395402285289420341e+00 1.403200674089078337e+00
1.399460398972129482e+00 1.420797474993584997e+00
1.379941373933436966e+00 1.532433965066099857e+00
1.313299273947475143e+00 1.554250936492044710e+00
1.317511630279667445e+00 1.586827839474207247e+00
1.324403007639133989e+00 1.557901728447604883e+00
1.405159025414823404e+00 1.541298570750437191e+00
1.285137523792166281e+00 1.674284703347995951e+00
1.365019752096878092e+00 1.699274246741771410e+00
1.359060156588780544e+00 1.747171274329232027e+00
1.269510518803041554e+00 1.754957026136026998e+00
1.127923585797208972e+00 1.693241194776676117e+00
1.143020301433643082e+00 1.718452076612702273e+00
1.124996631581218320e+00 1.662078418034488969e+00
1.206617762746803546e+00 1.869260549607484556e+00
1.214239480750617606e+00 1.944606672870989428e+00
1.214136805884373116e+00 1.807742690242120753e+00
1.193232385198436329e+00 1.855805272740484790e+00
1.180416716719025816e+00 1.871955544825155915e+00
1.193987855463136016e+00 1.784221513016130967e+00
1.214834676929779089e+00 1.726786991296940910e+00
1.250850268274512844e+00 1.722201346483207551e+00
1.246256425643171850e+00 1.728884370530652914e+00
1.262165924445772358e+00 1.701738013133333061e+00
1.261943561257611535e+00 1.706544353473839370e+00
1.262899858575650125e+00 1.704063943927639047e+00
1.263115919833337264e+00 1.696072444812368074e+00
1.275162407543579457e+00 1.751955693453724816e+00
1.290041490954175751e+00 1.739177482422525456e+00
1.295241896649112379e+00 1.722487446997008842e+00
1.311501227677134063e+00 1.653780255723355186e+00
1.333151894610711929e+00 1.657233652947653457e+00
1.330163303505116801e+00 1.673106799546245416e+00
1.335466263621064353e+00 1.674995100879379972e+00
1.322776049422230704e+00 1.633720216233387257e+00
1.301351194063150807e+00 1.690000532079407591e+00
1.312959465179574181e+00 1.682309963641151374e+00
1.331439561849206088e+00 1.702488071128707592e+00
1.339973635935887808e+00 1.710921051568783602e+00
1.386776270503917496e+00 1.760009851055505781e+00
1.338655872163009519e+00 1.605773268973204493e+00
1.375664769631962381e+00 1.565244345286892713e+00
1.468524012900651599e+00 1.431064670680366691e+00
1.587113557351550464e+00 1.353233749779201078e+00
1.566441300123263325e+00 1.309608425675546695e+00
1.509532381295979331e+00 1.307743304308738308e+00
1.498647553103239716e+00 1.241888812733467518e+00
1.447018717033045077e+00 1.249271918235736356e+00
1.452606678250789374e+00 1.209848249084015892e+00
1.464627196904558781e+00 1.203330225788171726e+00
1.469459370651014174e+00 1.260852558300880277e+00
1.459879928780698721e+00 1.262326041209774319e+00
1.446068514293645801e+00 1.240362984271388580e+00
1.399297795243709341e+00 1.309293548872433099e+00
1.409046481905775083e+00 1.316294848454141464e+00
1.428614699434216595e+00 1.341801061443258725e+00
1.450512907054988920e+00 1.332441379937668424e+00
1.412227199986900272e+00 1.419303586098910053e+00
1.408862607224737440e+00 1.424802032806473440e+00
1.388514620821768908e+00 1.481780771431018051e+00
1.460242577067383030e+00 1.332435726930698117e+00
1.358715875877005708e+00 1.429413759865010958e+00
1.403844612668395664e+00 1.441202041480070140e+00
1.385168189540944450e+00 1.424137827174745352e+00
1.388087311634421228e+00 1.425882614657318692e+00
1.387880502736760890e+00 1.468728810746002145e+00
1.336786327088009818e+00 1.611903373381061044e+00
1.327568277513818007e+00 1.571080661809204804e+00
1.311859838868976835e+00 1.594241240533473603e+00
1.381109970735912906e+00 1.599691849640592967e+00
1.414427570496299857e+00 1.547685441066884104e+00
1.329648273883760501e+00 1.672036964074664178e+00
1.318960308756221833e+00 1.728781303089106824e+00
1.357491863205145366e+00 1.704131814745351692e+00
1.278486110565013600e+00 1.744022288849302660e+00
1.130752725582096385e+00 1.721286625082811161e+00
1.127878069916142589e+00 1.679021265312733879e+00
1.147680389936404088e+00 1.761178300391825546e+00
1.213104213096393158e+00 1.909897902290349281e+00
1.250388280767699811e+00 1.804196727499986830e+00
1.198059773011144191e+00 1.833236366855242050e+00
1.167177616001569662e+00 1.849160041307285951e+00
1.195948654963894242e+00 1.823620308803506562e+00
1.203461115738966081e+00 1.774172680336624897e+00
1.204989615600386754e+00 1.732233523390658281e+00
1.217559104079388055e+00 1.714716135189625179e+00
1.261535043638357445e+00 1.701707927329449976e+00
1.262899858575650125e+00 1.704063943927639047e+00
1.258998180704900216e+00 1.699859509510958988e+00
1.258998180704900216e+00 1.699859509510958988e+00
1.263115919833337264e+00 1.696072444812368074e+00
1.288201958628620414e+00 1.705648023044304296e+00
1.276451734381287562e+00 1.735036378436822568e+00
1.291919153829933276e+00 1.746036090726003076e+00
1.305189117811251798e+00 1.663768528237644428e+00
1.332014561626973181e+00 1.676768591374407924e+00
1.326492912627318166e+00 1.680676190623522359e+00
1.303976036083824397e+00 1.671219978814532547e+00
1.302014815977859064e+00 1.710852386937750991e+00
1.309667213446227940e+00 1.710636455013803348e+00
1.379084236488902881e+00 1.686272484114045289e+00
1.383286807323226286e+00 1.679309770701553184e+00
1.380552827736465593e+00 1.681306991104531967e+00
1.402477473202739189e+00 1.651408144666012268e+00
1.334997462588892514e+00 1.575682306040605773e+00
1.481381092174023362e+00 1.448660751273950442e+00
1.485846814248200420e+00 1.396846460023426051e+00
1.559410628012718236e+00 1.344095830808810454e+00
1.544412008811670178e+00 1.309688676179028288e+00
1.525147666652020728e+00 1.241518441657069260e+00
1.450857075906299753e+00 1.252714685492268831e+00
1.461590454712650367e+00 1.204785417535141123e+00
1.494555119388752296e+00 1.260372077764381871e+00
1.479101924594222517e+00 1.259345250342168265e+00
1.455143521323908784e+00 1.249983409344054941e+00
1.443154872722156590e+00 1.245196836840995136e+00
1.368142668983341359e+00 1.308582118983910636e+00
1.371889292394169235e+00 1.304578549396979259e+00
1.441056920499628413e+00 1.340462820940236055e+00
1.546202759666142068e+00 1.190931340200440891e+00
1.612165128088933308e+00 1.111616888382866097e+00
1.613732123121900397e+00 1.182483917274060214e+00
1.633403739333875837e+00 1.193368195263266429e+00
1.471036083368488567e+00 1.344039514434506311e+00
1.451550376836333589e+00 1.347331837918960051e+00
1.449700826417037458e+00 1.328823590200265414e+00
1.459485020544033507e+00 1.354544233007454634e+00
1.458456730613572727e+00 1.358129391419039989e+00
1.449947994490876413e+00 1.294280299519138699e+00
1.450646647658188293e+00 1.344803443477179616e+00
1.367895467562692202e+00 1.528424645474639298e+00
1.331955947444291022e+00 1.572826053862632412e+00
1.316249419216366956e+00 1.559763958210502288e+00
1.295327521178161856e+00 1.573441038341724330e+00
1.362411389047987864e+00 1.628636923630354838e+00
1.461108151611204553e+00 1.550050801432996561e+00
1.329970564872339223e+00 1.702127023110067139e+00
1.330429623908953696e+00 1.752573104754549416e+00
1.335720985429427854e+00 1.743444591692911327e+00
1.252347107949348670e+00 1.783187177763675413e+00
1.118626664295428119e+00 1.714711169099577548e+00
1.142181106855616246e+00 1.693582671308000442e+00
1.194527671804224145e+00 1.919721770508497460e+00
1.201534252778474920e+00 1.926961734493186196e+00
1.205254314934753657e+00 1.811779401886622454e+00
1.164558969611677375e+00 1.836948295465651970e+00
1.186420902881315742e+00 1.805708701683396367e+00
1.202109660624407717e+00 1.819833227930915731e+00
1.219277426826872013e+00 1.736371719871924180e+00
1.234118838212738600e+00 1.697308499698412021e+00
1.263879658177885945e+00 1.693168981918762972e+00
1.258998180704900216e+00 1.699859509510958988e+00
1.258998180704900216e+00 1.699859509510958988e+00
1.258998180704900216e+00 1.699859509510958988e+00
1.258998180704900216e+00 1.699859509510958988e+00
1.263115919833337264e+00 1.696072444812368074e+00
1.279244986597444678e+00 1.717821390084942834e+00
1.270588826041370467e+00 1.742363324722706164e+00
1.317742011554897230e+00 1.707416511817988924e+00
1.333327650041358003e+00 1.648848746992914061e+00
1.334768865934464976e+00 1.690003491051810913e+00
1.334500109281944624e+00 1.673823538178601078e+00
1.291972205053277811e+00 1.696375129604337895e+00
1.307620488333824937e+00 1.721234192166479327e+00
1.319015321173938604e+00 1.711734720116962594e+00
1.385695361888841459e+00 1.670971638383517588e+00
1.380248160766021304e+00 1.669155671885770520e+00
1.386778286234664703e+00 1.652228654078798709e+00
1.376308886666273823e+00 1.554630434703937469e+00
1.361435209766949761e+00 1.564091791008896282e+00
1.427210566110185486e+00 1.393296426503688235e+00
1.567747799690715649e+00 1.341593170272913360e+00
1.534080241338944939e+00 1.299590067131282112e+00
1.499241346680978637e+00 1.303151237055371503e+00
1.435096749361916446e+00 1.247781430536957226e+00
1.442804325809064148e+00 1.224021315008443356e+00
1.487324723528935522e+00 1.249874268056666571e+00
1.445690832108423862e+00 1.267147205567805246e+00
1.424062804237909319e+00 1.261866539896470352e+00
1.457253785745492802e+00 1.198928121005002456e+00
1.536533529754032346e+00 1.173260421195937875e+00
1.496237646058309334e+00 1.177500596974268232e+00
1.540083451500048328e+00 1.185696827841641099e+00
1.571466895261484087e+00 1.172258527618754931e+00
1.582195162990281290e+00 1.194065181737514747e+00
1.604578415110680334e+00 1.202841025563919697e+00
1.606819063821583571e+00 1.227158572143640214e+00
1.601105646971092700e+00 1.208975595320346486e+00
1.610545223067275211e+00 1.173092343192274623e+00
1.458012667573104437e+00 1.276555637696823009e+00
1.505893087117811113e+00 1.319083285342383061e+00
1.487661317941699757e+00 1.320760284640459581e+00
1.404524518246423881e+00 1.297087228573580608e+00
1.420445622972935862e+00 1.391301543785274042e+00
1.396724606187201401e+00 1.480752310461774579e+00
1.309193409597910085e+00 1.537082468657927192e+00
1.297321915147755522e+00 1.581795660332303788e+00
1.358011146556950433e+00 1.616179679953508419e+00
1.402606819481051259e+00 1.596584325078471700e+00
1.373440144092221482e+00 1.732524125677869176e+00
1.326675471251341554e+00 1.773457492480576603e+00
1.309294135853402929e+00 1.805578634794172688e+00
1.276799748524050981e+00 1.904291420401695856e+00
1.247527863887444965e+00 1.793809582462556840e+00
1.123987121580956261e+00 1.696224902853704197e+00
1.197360912072520378e+00 1.937933830164414006e+00
1.216967262137321093e+00 1.934349499018809704e+00
1.210117194337307467e+00 1.835905942923008682e+00
1.161671324421986506e+00 1.805201782975214941e+00
1.167964041387412166e+00 1.802644488259629085e+00
1.190238390422567960e+00 1.807736398494620422e+00
1.188759090623435544e+00 1.790711002797668927e+00
1.217890256016032513e+00 1.697811955516680182e+00
1.256585946450265556e+00 1.673390485173682940e+00
1.258998180704900216e+00 1.699859509510958988e+00
1.258998180704900216e+00 1.699859509510958988e+00
1.258998180704900216e+00 1.699859509510958988e+00
1.258998180704900216e+00 1.699859509510958988e+00
1.258998180704900216e+00 1.699859509510958988e+00
1.278082083684137116e+00 1.709801179695613182e+00
1.279103888638033926e+00 1.710120232723594036e+00
1.270326961167882240e+00 1.746332849344844451e+00
1.303167346945276028e+00 1.707411907425590014e+00
1.336602688774107817e+00 1.668214014282464852e+00
1.337119067066882883e+00 1.683835263990271613e+00
1.288671071144141589e+00 1.712640327554136421e+00
1.292729817044792728e+00 1.695496526887556810e+00
1.302524770601480197e+00 1.713314220121716858e+00
1.364022821079417636e+00 1.675669560203486341e+00
1.357281541002544945e+00 1.648535625826190287e+00
1.436346957160907323e+00 1.513549308797058623e+00
1.423154288723626593e+00 1.630575571145692848e+00
1.352965588936193120e+00 1.543885561120460936e+00
1.424479526769519389e+00 1.425288642906205494e+00
1.530906568612627083e+00 1.316764261274436576e+00
1.532661634188050570e+00 1.276489506848615951e+00
1.515208320290204247e+00 1.316719428383502422e+00
1.452057321671978984e+00 1.231652445872888357e+00
1.441111611780043322e+00 1.242864524852894004e+00
1.451978056064010980e+00 1.246059169258426635e+00
1.430301804352576145e+00 1.263538086001430472e+00
1.582983060178681844e+00 1.172318704876365247e+00
1.568972568499476195e+00 1.164786917172738745e+00
1.518250699822976779e+00 1.171777747965423666e+00
1.498321887031854427e+00 1.176073261272594150e+00
1.535268367850834759e+00 1.175794377382022082e+00
1.636531360032356330e+00 1.130242728635154403e+00
1.629203270025870731e+00 1.184119924429183346e+00
1.604322527796288922e+00 1.179927398003106420e+00
1.678469809597852969e+00 1.150275091061763399e+00
1.648607321880374954e+00 1.185365356563368833e+00
1.624838600304725711e+00 1.211068128120550869e+00
1.620536921068402636e+00 1.195703177612050361e+00
1.608552196105734966e+00 1.186280771073753959e+00
1.645702153981888349e+00 1.164139338972044246e+00
1.488737064036236735e+00 1.331710005731269186e+00
1.444027054077743344e+00 1.285145097850729279e+00
1.463121296902909263e+00 1.318855028548038044e+00
1.435037747765756988e+00 1.372557965646903133e+00
1.406023981463403016e+00 1.376356339092080550e+00
1.367327167112643682e+00 1.426751007727219411e+00
1.284473979570152080e+00 1.579446158212828966e+00
1.407282798347431418e+00 1.626982096397372457e+00
1.412390012837892339e+00 1.624150769630052116e+00
1.325070485537540588e+00 1.764489079346053702e+00
1.308334249089253998e+00 1.779460216519077376e+00
1.310608050622848797e+00 1.818366787461698442e+00
1.258739316050909718e+00 1.930048196909625036e+00
1.235212803520462366e+00 1.778896486387739673e+00
1.158455460341425214e+00 1.839258882747695001e+00
1.193841619908185603e+00 1.950506244732910233e+00
1.227057215990199124e+00 1.934166570814338959e+00
1.159412074139738458e+00 1.796976609290711124e+00
1.185526903712108782e+00 1.787514391210740738e+00
1.177126093991007982e+00 1.801213179933067288e+00
1.191826102994103742e+00 1.794749686073809691e+00
1.238016376641594363e+00 1.740844379850485346e+00
1.229311330742462349e+00 1.704080641045665034e+00
1.253807819299648463e+00 1.668778850692445914e+00
1.258998180704900216e+00 1.699859509510958988e+00
1.258998180704900216e+00 1.699859509510958988e+00
1.258998180704900216e+00 1.699859509510958988e+00
1.258998180704900216e+00 1.699859509510958988e+00
1.265161708414593633e+00 1.685435781372113695e+00
1.277937393523743692e+00 1.702337221267581802e+00
1.279025091303622075e+00 1.723449070384757142e+00
1.266168922243786632e+00 1.766226388377910572e+00
1.306385364228597190e+00 1.725935418768523855e+00
1.339970538443965076e+00 1.680350187992894373e+00
1.333529856530093705e+00 1.695481705781856308e+00
1.290622615372550630e+00 1.683077772595241939e+00
1.274871373641558003e+00 1.716049770083026171e+00
1.332815760566650187e+00 1.710362121394843005e+00
1.367371626903161053e+00 1.654778731958454818e+00
1.412258626595336297e+00 1.523202245372538011e+00
1.434401373114345457e+00 1.609158667976296142e+00
1.412664571723847740e+00 1.596954912802156956e+00
1.337247211878460851e+00 1.513565497283269723e+00
1.426037475349019479e+00 1.380264508227721842e+00
1.533550359698959253e+00 1.333867217104952596e+00
1.532424179954509302e+00 1.281842782118157498e+00
1.464549406265259313e+00 1.300228339909612174e+00
1.458193395395944947e+00 1.245349925044392680e+00
1.454198925159861489e+00 1.288398941217650417e+00
1.615776007513335388e+00 1.158667919416483283e+00
1.604693947837124934e+00 1.170529861729844745e+00
1.569841146086695671e+00 1.188819333495233721e+00
1.552924065656329899e+00 1.167258379727710071e+00
1.549798861821392260e+00 1.186560547609579297e+00
1.658632453523892325e+00 1.124141254611088048e+00
1.664117235514573023e+00 1.119466494748741381e+00
1.629617709588901731e+00 1.164463840905583414e+00
1.624801074079914365e+00 1.164158795176441608e+00
1.672833203811975977e+00 1.182249795619223276e+00
1.679516906519908037e+00 1.191995221662094595e+00
1.672193081213554144e+00 1.189004348863635263e+00
1.646721253244443073e+00 1.188940927153883109e+00
1.618714708955825810e+00 1.191774982575313446e+00
1.591979652969078396e+00 1.179058157237154791e+00
1.523899015260830714e+00 1.291166641973845897e+00
1.405269100493052425e+00 1.317942188930667280e+00
1.401016409553244246e+00 1.365061091756799350e+00
1.401431293865783578e+00 1.356999448153938692e+00
1.368446926202561142e+00 1.430063226991434400e+00
1.347603984864045756e+00 1.460970464648675193e+00
1.306521187192034361e+00 1.660721970428495453e+00
1.376087287579639717e+00 1.709155924386684289e+00
1.354968429356952608e+00 1.717629762131833049e+00
1.304551082584750388e+00 1.778271788392183028e+00
1.303784805044078343e+00 1.851393261877086527e+00
1.269185771751749181e+00 1.930974528673277790e+00
1.251464683902120179e+00 1.904454699047771760e+00
1.167704159181293555e+00 1.807527505091268027e+00
1.189814020989736765e+00 1.954842619880452270e+00
1.203080983926884340e+00 1.922149016018000367e+00
1.202114187705640047e+00 1.774551314862895746e+00
1.161617310303332040e+00 1.745709460048056938e+00
1.167412907162149516e+00 1.787090205019032485e+00
1.220315584957357702e+00 1.759271565990539576e+00
1.228547899925273912e+00 1.762742427230588049e+00
1.221328316428281990e+00 1.760678540400219205e+00
1.230328642181735432e+00 1.688730376069545125e+00
1.260087975357326195e+00 1.688275199686150474e+00
1.258998180704900216e+00 1.699859509510958988e+00
1.258998180704900216e+00 1.699859509510958988e+00
1.258998180704900216e+00 1.699859509510958988e+00
1.258998180704900216e+00 1.699859509510958988e+00
1.257332295466371264e+00 1.679652243428622516e+00
1.273964244381621702e+00 1.721885832932571025e+00
1.278081803758651436e+00 1.716130120180056506e+00
1.285897246360453439e+00 1.744005624676272292e+00
1.329314749292866304e+00 1.686654702338526324e+00
1.338135161199042411e+00 1.688221174561175486e+00
1.288159121850080524e+00 1.704693746097281082e+00
1.291046044045110586e+00 1.693989277767395496e+00
1.287486969983756335e+00 1.717685824383504256e+00
1.306941668493460273e+00 1.664015170027266732e+00
1.396784140984495437e+00 1.603047978606343849e+00
1.408852211447594982e+00 1.512095891063776065e+00
1.422608322399178782e+00 1.595024961923988460e+00
1.438739986124224934e+00 1.569752202146201370e+00
1.424092210765509403e+00 1.378117376631998736e+00
1.538528285665192508e+00 1.316303548358256581e+00
1.518899076773919443e+00 1.266441885430272807e+00
1.468015108033017935e+00 1.303005871686794714e+00
1.474460085554138544e+00 1.276623804030370124e+00
1.631320537668836224e+00 1.166352661679370017e+00
1.634686299962008649e+00 1.156211464463491989e+00
1.608552434586409952e+00 1.178206895495344186e+00
1.570014746777554260e+00 1.187456007784324807e+00
1.545363364816961793e+00 1.193387539017652488e+00
1.548012873634817765e+00 1.211036212691463998e+00
1.663122002048911030e+00 1.159477497513718092e+00
1.661874554743854260e+00 1.134040054384065632e+00
1.606969544590399535e+00 1.186520587215748046e+00
1.632562219650983248e+00 1.169314496206706799e+00
1.629151240536308887e+00 1.155397922859395354e+00
1.630512632230942893e+00 1.186294758287727236e+00
1.676249224393692394e+00 1.195442388356398711e+00
1.662430671893411427e+00 1.194269333436486669e+00
1.598273073387096899e+00 1.204623542306539896e+00
1.613659299645793688e+00 1.200345876285695113e+00
1.587153900726545164e+00 1.212485688176385912e+00
1.582132940577676061e+00 1.170893109331921034e+00
1.577091851750361817e+00 1.205448588091110551e+00
1.380962048981919654e+00 1.380648057518621075e+00
1.382014842453418657e+00 1.373108197779037809e+00
1.344393365107984906e+00 1.422708928728187106e+00
1.367953980733645825e+00 1.411958671835142898e+00
1.360964759791982059e+00 1.463741262922706898e+00
1.460495336866250771e+00 1.539818653099659151e+00
1.392349056358309856e+00 1.690575037068523301e+00
1.270237647769800304e+00 1.814472555892853833e+00
1.272100686532526836e+00 1.865330361042063734e+00
1.289370808496429710e+00 1.878675732253342723e+00
1.254918068718139601e+00 1.950910342664597730e+00
1.234329455228365457e+00 1.907234807375871366e+00
1.188838691779880552e+00 1.718751309397420934e+00
1.197870197845573914e+00 1.934897904274264668e+00
1.199240479889119415e+00 1.892835144495569999e+00
1.121067560894161153e+00 1.798622883326243427e+00
1.179294650854545656e+00 1.776646431380056512e+00
1.214121978357022735e+00 1.748540410575229576e+00
1.228547899925273912e+00 1.762742427230588049e+00
1.218914044574404887e+00 1.748800292803062373e+00
1.203259187969255350e+00 1.710157086584306096e+00
1.226883708125184436e+00 1.688602150269476132e+00
1.258998180704900216e+00 1.699859509510958988e+00
1.258998180704900216e+00 1.699859509510958988e+00
1.258998180704900216e+00 1.699859509510958988e+00
1.258998180704900216e+00 1.699859509510958988e+00
1.257463564944814260e+00 1.694134477133184769e+00
1.274322485448449616e+00 1.705780217896961437e+00
1.271027993507892973e+00 1.727986964419414573e+00
1.275473025848482989e+00 1.722788719869397633e+00
1.291953664626399823e+00 1.751550811605430580e+00
1.340431388673629876e+00 1.658038216249931418e+00
1.332830565290617830e+00 1.711844249868305301e+00
1.288905729489087548e+00 1.688204750699126899e+00
1.238745098726040439e+00 1.693814696109116724e+00
1.293024425913764874e+00 1.683047090928611045e+00
1.341436081448117434e+00 1.667249600396999654e+00
1.417239873788955551e+00 1.512051811689428815e+00
1.400053167829585332e+00 1.586354169725022079e+00
1.430413462984271300e+00 1.582184390977729338e+00
1.508310226403559717e+00 1.371975403998185516e+00
1.544474446908631338e+00 1.299039609469412770e+00
1.528389334234054209e+00 1.321466068207553413e+00
1.487213377475839371e+00 1.276359372116805169e+00
1.478206087258444601e+00 1.341307201865733933e+00
1.653237319378625392e+00 1.192217569494635310e+00
1.641900615299415778e+00 1.181670320573436905e+00
1.646415145650072187e+00 1.157612965549664530e+00
1.556317701053820279e+00 1.173610486439481404e+00
1.552730917424856472e+00 1.169452418524658421e+00
1.638403685809449062e+00 1.139569867826392136e+00
1.694437064760188738e+00 1.141623393042800361e+00
1.663010737345907541e+00 1.161434606880520359e+00
1.642353411932448326e+00 1.165184050820318395e+00
1.636307610944941704e+00 1.154839324477991092e+00
1.629770432505987188e+00 1.162639307785147791e+00
1.649541082578448226e+00 1.190217226744931800e+00
1.645568682271150163e+00 1.200981697100030887e+00
1.629120089497317236e+00 1.208272944456581621e+00
1.611721030232445839e+00 1.208342456024853462e+00
1.586283190495297868e+00 1.218696315891360848e+00
1.545897163423823439e+00 1.214727109734670352e+00
1.569669029565880169e+00 1.178629800058016652e+00
1.566754651790701391e+00 1.204379035877687132e+00
1.375923136283976556e+00 1.383164296013494887e+00
1.385537034422840375e+00 1.324292699041409227e+00
1.346947978990055805e+00 1.407007713477641753e+00
1.394666396983478940e+00 1.451844091439895568e+00
1.367996154276750032e+00 1.511432590294701672e+00
1.487656558647843852e+00 1.528094147370659517e+00
1.388758581448102936e+00 1.630856838481471005e+00
1.243882631994145394e+00 1.867875920839767279e+00
1.264768803975255818e+00 1.861858051200818043e+00
1.241924643715335064e+00 1.939996871179526572e+00
1.221848208645441636e+00 1.875432644468099541e+00
1.183599017218642802e+00 1.802061404609192063e+00
1.215561060596795029e+00 1.823962341654704833e+00
1.191560075067111146e+00 1.879083232469258569e+00
1.159822233993122120e+00 1.752556507443584488e+00
1.194487961184393710e+00 1.759913478442706625e+00
1.206550170938921696e+00 1.739513384117189698e+00
1.215216634556308906e+00 1.756506476735227640e+00
1.226212978794260611e+00 1.768354432604197335e+00
1.220206832845742495e+00 1.747193627102424429e+00
1.207937243424101803e+00 1.673137669717237319e+00
1.259777271601291826e+00 1.680067743295953875e+00
1.257625880674813734e+00 1.699013136190440365e+00
1.258998180704900216e+00 1.699859509510958988e+00
1.258998180704900216e+00 1.699859509510958988e+00
1.258998180704900216e+00 1.699859509510958988e+00
1.249560917913346891e+00 1.686848714138544425e+00
1.273964244381621702e+00 1.721885832932571025e+00
1.278416732726698202e+00 1.727684367266545840e+00
1.282253275264179981e+00 1.758257781410091924e+00
1.326237657294566663e+00 1.669289508843809777e+00
1.323263241963015480e+00 1.697962069458425427e+00
1.290878721287391784e+00 1.711933144409226504e+00
1.247151366749872592e+00 1.701780019545242384e+00
1.254583031987879016e+00 1.708458488533177277e+00
1.291820097141253010e+00 1.646007252592051051e+00
1.398793274668965525e+00 1.507365900368059730e+00
1.406863392901653853e+00 1.595217716420723075e+00
1.434754662988043439e+00 1.574257953968954959e+00
1.450753038696689812e+00 1.551942004292375721e+00
1.520223892027855683e+00 1.357864162681899467e+00
1.546965030458688162e+00 1.322244323535368471e+00
1.535460044348877506e+00 1.280777178543076156e+00
1.634260771686542713e+00 1.192691648391963399e+00
1.661115914540462590e+00 1.185690393615113081e+00
1.652344781745218150e+00 1.161881580974367445e+00
1.655006358946519818e+00 1.139144450188382285e+00
1.561845182576051760e+00 1.186219373770071028e+00
1.555587190565659750e+00 1.185723135692305474e+00
1.658927533998373560e+00 1.118924297638071774e+00
1.692140824761889872e+00 1.135757631856599392e+00
1.708640259863430044e+00 1.142538338364404105e+00
1.651253954778003186e+00 1.196792914792612406e+00
1.658619120259139823e+00 1.207358641761425710e+00
1.642008743758132994e+00 1.181819356087091766e+00
1.633513310201431867e+00 1.170415723633925209e+00
1.616529559223598200e+00 1.194867232545939073e+00
1.629903502862900089e+00 1.210185431675110168e+00
1.650496720175550491e+00 1.202793472707325284e+00
1.616615126848547135e+00 1.221471395594821097e+00
1.582420723462176326e+00 1.208641585584422584e+00
1.592507843115717359e+00 1.238804685023223273e+00
1.544855184337187382e+00 1.235051655219346900e+00
1.549047562562712921e+00 1.182462325800069269e+00
1.537176545885113654e+00 1.264972903403569049e+00
1.513008751677693109e+00 1.180534559337748535e+00
1.368590176414247184e+00 1.347521380905517985e+00
1.352130195607753604e+00 1.418446750309916515e+00
1.382991308258460172e+00 1.474627653545883543e+00
1.446776587367974987e+00 1.508673060177363690e+00
1.487583365657932033e+00 1.528383920075012670e+00
1.390028078580969328e+00 1.588235070052362197e+00
1.234844415768822978e+00 1.852000385112580805e+00
1.255578665658396931e+00 1.861060447499885750e+00
1.217641030362713650e+00 1.946166135246122808e+00
1.169677175956825188e+00 1.939440637948973700e+00
1.206806815168052660e+00 1.776722401558908260e+00
1.207218201390521495e+00 1.797322379127067382e+00
1.179687316929125762e+00 1.865307566799774053e+00
1.133874953126280394e+00 1.816671890655026989e+00
1.228170626375636232e+00 1.795914247565400634e+00
1.204759373332502603e+00 1.742785742812914540e+00
1.216150583728324186e+00 1.752110539664574862e+00
1.223089973264587460e+00 1.746092730504832602e+00
1.224121856032740485e+00 1.730670573975324977e+00
1.209853820994377660e+00 1.686818931434528324e+00
1.254775683301713629e+00 1.689169925836578656e+00
1.255332414346631120e+00 1.701328018281498489e+00
1.257625880674813734e+00 1.699013136190440365e+00
1.258998180704900216e+00 1.699859509510958988e+00
1.253178289447436367e+00 1.683394561882597840e+00
1.279154615671741713e+00 1.706822381110027598e+00
1.276097873485745104e+00 1.728727452106699980e+00
1.281632482495874248e+00 1.732751366966398532e+00
1.312671826823864407e+00 1.696136314815086532e+00
1.316210311204564887e+00 1.666528460337299844e+00
1.322629484971867830e+00 1.724320561099710769e+00
1.261054831327690362e+00 1.682825939113023805e+00
1.258267402223877784e+00 1.688722047806084481e+00
1.239153138297369061e+00 1.657292766785398497e+00
1.411503972527951234e+00 1.515797907769353303e+00
1.407864568772533742e+00 1.514298171861292674e+00
1.400231857300249905e+00 1.585376639765329054e+00
1.474427514466879252e+00 1.564954746795777396e+00
1.595456098128678724e+00 1.419459510055302909e+00
1.594330547474636983e+00 1.325925912158078868e+00
1.559541155353050046e+00 1.322635698950153094e+00
1.652114331859750207e+00 1.172703369420417863e+00
1.665219700012350312e+00 1.228566677224724568e+00
1.664591692348137864e+00 1.160680928524408184e+00
1.628930330050993858e+00 1.176479498238957033e+00
1.586901253598107298e+00 1.187577085390008502e+00
1.648620256329620393e+00 1.136412385849623563e+00
1.663691972428162469e+00 1.131700153716820312e+00
1.691140829617760355e+00 1.149948280784363730e+00
1.725884337961717252e+00 1.123718329804687333e+00
1.638445097031979047e+00 1.193834143423118999e+00
1.654245417817884034e+00 1.211854224702243465e+00
1.617771368376048846e+00 1.186992641821739136e+00
1.577826182155384727e+00 1.199153239759309653e+00
1.601416386765992961e+00 1.217141019527367529e+00
1.640064226224999144e+00 1.223673490473843550e+00
1.639090157881724297e+00 1.205606262183753552e+00
1.597817337048277553e+00 1.208635475799390679e+00
1.601921495252256911e+00 1.238381356765980046e+00
1.588153954222350173e+00 1.225195980839290710e+00
1.540088413737416229e+00 1.234182093896975418e+00
1.521427113579764123e+00 1.213407946061796139e+00
1.491854068851648174e+00 1.230748965475606971e+00
1.512467163686015414e+00 1.175631700295994619e+00
1.353643425764978980e+00 1.428256018986016507e+00
1.327892624962693668e+00 1.451298792628985757e+00
1.390974973774614876e+00 1.492939351805096404e+00
1.459419424268321386e+00 1.505924332333641980e+00
1.490717796739515100e+00 1.495877138632491388e+00
1.299300806153986132e+00 1.659564201509555303e+00
1.235108500290610811e+00 1.866249882178343755e+00
1.261422857896540739e+00 1.842729372172668967e+00
1.216546828920019196e+00 1.943473276069467071e+00
1.168152150925853006e+00 1.836790699152387685e+00
1.154963245192216492e+00 1.793716505582610088e+00
1.189438420087495230e+00 1.783131766305898092e+00
1.182326607072845537e+00 1.771505550436468956e+00
1.183973977838588709e+00 1.805933692167207560e+00
1.226839040864791563e+00 1.779075218229959399e+00
1.205759752815039221e+00 1.799231117234671107e+00
1.214851377064068316e+00 1.815666740338919061e+00
1.219038264651983283e+00 1.752332909961628715e+00
1.205483430864250360e+00 1.708426445103731872e+00
1.209853820994377660e+00 1.686818931434528324e+00
1.256502925195881248e+00 1.705623462044802752e+00
1.255332414346631120e+00 1.701328018281498489e+00
1.255332414346631120e+00 1.701328018281498489e+00
1.254039665836213402e+00 1.703876666399678053e+00
1.250532424931261710e+00 1.691068718688680583e+00
1.276097873485745104e+00 1.728727452106699980e+00
1.290609416024406153e+00 1.751530340484195758e+00
1.283714306872312028e+00 1.759128218551919032e+00
1.296805030426823713e+00 1.687346389479485786e+00
1.289147502256058786e+00 1.712409810367069296e+00
1.261887988140240502e+00 1.702905706351776516e+00
1.242314978925567637e+00 1.696010754435496093e+00
1.228126647399587990e+00 1.651158171270037389e+00
1.275082605508237599e+00 1.539890654314806540e+00
1.402913084880604844e+00 1.504500950199012976e+00
1.404581057687605661e+00 1.591171115024888394e+00
1.425782643369191360e+00 1.577267533741488981e+00
1.475461374794270419e+00 1.519148349785104823e+00
1.572259627057567721e+00 1.432473522754774464e+00
1.635199855145935688e+00 1.305638371202442860e+00
1.682624875345692939e+00 1.122894948349764777e+00
1.636556743785279044e+00 1.215928012838349836e+00
1.687750476366022712e+00 1.181209916461881893e+00
1.639075725707619391e+00 1.195191956989242410e+00
1.622161285668110020e+00 1.186991207290013950e+00
1.636920040415176469e+00 1.135255698907875255e+00
1.650422766981780809e+00 1.128019513467512169e+00
1.604253741029341152e+00 1.126957649110747139e+00
1.733980176850962840e+00 1.125885952411687319e+00
1.630290595144680887e+00 1.192565165079380041e+00
1.635502119032955060e+00 1.202133331503383973e+00
1.628832144423790762e+00 1.177940575911328391e+00
1.686475564023419027e+00 1.190447976164675126e+00
1.683981922258472652e+00 1.204261636467635732e+00
1.681988136752608387e+00 1.233362145538299925e+00
1.719369207552859269e+00 1.217499396697651282e+00
1.726780598884707141e+00 1.225567499302508301e+00
1.721055574473632443e+00 1.223698847714249416e+00
1.682076533432246501e+00 1.224147873378011120e+00
1.686195550365428231e+00 1.229815220707429768e+00
1.562334223009071765e+00 1.227873982621518145e+00
1.551716070436854666e+00 1.184543393139885437e+00
1.504695087082223770e+00 1.227732283793921741e+00
1.506706027910371004e+00 1.177665879140567418e+00
1.515462694166998636e+00 1.180408693395593067e+00
1.356812624348735730e+00 1.417799471003915013e+00
1.347128230972098883e+00 1.428641907490865171e+00
1.468006061036793319e+00 1.510281746750335552e+00
1.472497118753151701e+00 1.517428407587864569e+00
1.390777364471321276e+00 1.602782344478373755e+00
1.292693990099595069e+00 1.718505885357157092e+00
1.250379399685835669e+00 1.821448586788299684e+00
1.196061898732968087e+00 1.965078269006029332e+00
1.176159379739958322e+00 1.917724473517087747e+00
1.186951541393855170e+00 1.803520576846859402e+00
1.120522051021964449e+00 1.827086353182378664e+00
1.187050395013840465e+00 1.720254236766255440e+00
1.158590890212053415e+00 1.762741088304943027e+00
1.211752932651601666e+00 1.811172504212845702e+00
1.196600615492010578e+00 1.792004220774474854e+00
1.208723581961798743e+00 1.790143286225897468e+00
1.218021971370335077e+00 1.782793454259038679e+00
1.222723078268885599e+00 1.782009040262484856e+00
1.212041225703323954e+00 1.697270325539558478e+00
1.252016934024477779e+00 1.679460396427435942e+00
1.256502925195881248e+00 1.705623462044802752e+00
1.255332414346631120e+00 1.701328018281498489e+00
1.255332414346631120e+00 1.701328018281498489e+00
1.248175909457721389e+00 1.686011989132746081e+00
1.252626080934996056e+00 1.693795691482674837e+00
1.288073146141701208e+00 1.747280138705264552e+00
1.284310922643216557e+00 1.740588941243258470e+00
1.300404451098517988e+00 1.740574589247865012e+00
1.293766237350012505e+00 1.644618811683302040e+00
1.282140237866842947e+00 1.711382147906589379e+00
1.241116180153012616e+00 1.680134687989498499e+00
1.226672199637089733e+00 1.646970669781629315e+00
1.232730282806431932e+00 1.651340316595029334e+00
1.393581649450694515e+00 1.519136076470371632e+00
1.403634575001421636e+00 1.503161608957265694e+00
1.396707961255265307e+00 1.590050584491047303e+00
1.446587604822981099e+00 1.533872407387026238e+00
1.591639650656875959e+00 1.409867761915629680e+00
1.722752451286292841e+00 1.263774323607266270e+00
1.730010525518960174e+00 1.172907191681142658e+00
1.633928045445585342e+00 1.186030781003981183e+00
1.637083373328966474e+00 1.223023072390734711e+00
1.651110765255578983e+00 1.187426562698843169e+00
1.623458862646016687e+00 1.219628743955967876e+00
1.693310799451844373e+00 1.131363753205566258e+00
1.631555673614388136e+00 1.127225689713225343e+00
1.629463145722457318e+00 1.130157564695167149e+00
1.824465285078327170e+00 1.136102252753901531e+00
1.762659162855916062e+00 1.173705445838533423e+00
1.715979869493712284e+00 1.200855022464965671e+00
1.736740792283042234e+00 1.197095469605310658e+00
1.678008599895056685e+00 1.208780105343056244e+00
1.700014929993843404e+00 1.225890908308525207e+00
1.691268734854728617e+00 1.234258316199764227e+00
1.716936143592012520e+00 1.220349612007368467e+00
1.737559309990531098e+00 1.238752311338264578e+00
1.714954682246131012e+00 1.231110083592343418e+00
1.683546360909110806e+00 1.235788816081026198e+00
1.691295780141649274e+00 1.222344913257368049e+00
1.670955388343565717e+00 1.224498377503917990e+00
1.624092276514044642e+00 1.213404090969178339e+00
1.522830290554870070e+00 1.191472516737132947e+00
1.506215287824743010e+00 1.173837602724000728e+00
1.495046490770662873e+00 1.188073536403524866e+00
1.361814173792017302e+00 1.400612618122914155e+00
1.356858989243106217e+00 1.458093178363470965e+00
1.433346195475220686e+00 1.518835367939324499e+00
1.478056194693321945e+00 1.531326631033867791e+00
1.387713068253655813e+00 1.673718370065053973e+00
1.316647875342874752e+00 1.737308166619441652e+00
1.251281052641511238e+00 1.804453944863595893e+00
1.174392846275504221e+00 1.885751664663410265e+00
1.163961162133607452e+00 1.876733212207968293e+00
1.129133814092478483e+00 1.835672402970013106e+00
1.140693360720971494e+00 1.774350461150917990e+00
1.207326673811468742e+00 1.732234737187885454e+00
1.174085317280247898e+00 1.793370549112534684e+00
1.214172350240146470e+00 1.802176672879027164e+00
1.205795780553968521e+00 1.791210592760828169e+00
1.203351687200735043e+00 1.805006597569047688e+00
1.222689473775735003e+00 1.785283561535047081e+00
1.204068836330253411e+00 1.758651567730696641e+00
1.211944876392742731e+00 1.682877610718843231e+00
1.244259093847786657e+00 1.686370565116306786e+00
1.256502925195881248e+00 1.705623462044802752e+00
1.255332414346631120e+00 1.701328018281498489e+00
1.253996289771343697e+00 1.685044880875901541e+00
1.265001617063584938e+00 1.692460059564688368e+00
1.283539619556528733e+00 1.728268021023841916e+00
1.289346600497482287e+00 1.759597297985531217e+00
1.293854516061228921e+00 1.729951129491804629e+00
1.272220003930488286e+00 1.690353137881713819e+00
1.289881376633830845e+00 1.669750431631061405e+00
1.210510751214036729e+00 1.697237135455139212e+00
1.234969263345157664e+00 1.652644760166571247e+00
1.225306851819182752e+00 1.647594443933945607e+00
1.294577910065560555e+00 1.564153682224999287e+00
1.380162291641011008e+00 1.511935573758655504e+00
1.413340278623580248e+00 1.586011729691327199e+00
1.422451063849705433e+00 1.588588057020089872e+00
1.533113598361363072e+00 1.408130243967989248e+00
1.814275776763416337e+00 1.209681678330403853e+00
1.686746098902771607e+00 1.191212418809725282e+00
1.677338044460745747e+00 1.148629136035375087e+00
1.611380134794412111e+00 1.249445934490572396e+00
1.600635967421537353e+00 1.210559821182150442e+00
1.581426873372250519e+00 1.217380937512323236e+00
1.755125135442869633e+00 1.130481201304004202e+00
1.669060372501713463e+00 1.134408869190901337e+00
1.594257197844361373e+00 1.134540111461523004e+00
1.870963124128378618e+00 1.128642065572602826e+00
1.809820313042903805e+00 1.168140134008989417e+00
1.775265413095161504e+00 1.206514290633711184e+00
1.733422130518391668e+00 1.196921081999221315e+00
1.676166446431696322e+00 1.186901788696446580e+00
1.721053984377644008e+00 1.204019977758814752e+00
1.730114790698838556e+00 1.225469524855046011e+00
1.694391038080936829e+00 1.238716216183199492e+00
1.695091230857790565e+00 1.245388981397912875e+00
1.716711054592481744e+00 1.239636044989982810e+00
1.734425392904680896e+00 1.236752840856965019e+00
1.727644954398972699e+00 1.254589057259928309e+00
1.689525057094363403e+00 1.230630897121632206e+00
1.667379829011468972e+00 1.226263416746103507e+00
1.655217002704139739e+00 1.229957331232748752e+00
1.618338255121577474e+00 1.225559793046407053e+00
1.603146336861248189e+00 1.213350146989665257e+00
1.503978364990928629e+00 1.176608113800363675e+00
1.474645268183267577e+00 1.208736737224185509e+00
1.356070914850256770e+00 1.412542998197522159e+00
1.442163556398559310e+00 1.504002089295575884e+00
1.434694192725946227e+00 1.518547895629488664e+00
1.369895990804807839e+00 1.595464109797092966e+00
1.299585159863339223e+00 1.711563107632484426e+00
1.300802890658876665e+00 1.731491746762264361e+00
1.212902181524446954e+00 1.882486221653629554e+00
1.180864917299545791e+00 1.909620821532744372e+00
1.186278156334624967e+00 1.852154728225859692e+00
1.118788866760823231e+00 1.823498330327210537e+00
1.126010230666979473e+00 1.745032356107808269e+00
1.157496083319840663e+00 1.749991886780718708e+00
1.161530056338373251e+00 1.810468230082183050e+00
1.204857892045496204e+00 1.773296102486893622e+00
1.198528703673139351e+00 1.798655933970674248e+00
1.214424230877346744e+00 1.780095283978086362e+00
1.222750336875661148e+00 1.775193052990869713e+00
1.201965862058774315e+00 1.759518347916806613e+00
1.237507710620556090e+00 1.728837548404865032e+00
1.244002339645326805e+00 1.702561734669576721e+00
1.251493165767758153e+00 1.710446021981139264e+00
1.259291469707728650e+00 1.694734228823221001e+00
1.258833934718922576e+00 1.693935051368531175e+00
1.256983041335880902e+00 1.699346284448678190e+00
1.285449603412907704e+00 1.754488855212834597e+00
1.284082000464770390e+00 1.744485402164732024e+00
1.251520322460938583e+00 1.728292316084930613e+00
1.283692786158912913e+00 1.683278504918194640e+00
1.228468586538009832e+00 1.667810784808658964e+00
1.243712159336626932e+00 1.656987057895399351e+00
1.233843426973144197e+00 1.643987190498864326e+00
1.263965786978536343e+00 1.554449746008765176e+00
1.361369559171534682e+00 1.498349971836913541e+00
1.401722783359822699e+00 1.502885966225983916e+00
1.413816372890378537e+00 1.580616584885412124e+00
1.422809766413818622e+00 1.525836596216452179e+00
1.821364899716841901e+00 1.284663377049060751e+00
1.752952673116916049e+00 1.233091216719261585e+00
1.668234811222830460e+00 1.178413154133082896e+00
1.707767418365190970e+00 1.196717853127013953e+00
1.593655222564013263e+00 1.266320663312024086e+00
1.645087612471514582e+00 1.221363781032522411e+00
1.719924246744429119e+00 1.170384873667376535e+00
1.667073262893291830e+00 1.133233346810170517e+00
1.583500510438360376e+00 1.129627994880954667e+00
1.891446703718280720e+00 1.097587804316850102e+00
1.814338435305509423e+00 1.179321539608674252e+00
1.808050598291989663e+00 1.169690306989613182e+00
1.744942293277022882e+00 1.198887002609259955e+00
1.748900459736752566e+00 1.203907396920264938e+00
1.739848521001372106e+00 1.215152443281720007e+00
1.746684720058435225e+00 1.236329043008004946e+00
1.746382743589138364e+00 1.258629143894419045e+00
1.758493742706613183e+00 1.265506737564530582e+00
1.723091853057993728e+00 1.235566767432711766e+00
1.725484238670651038e+00 1.232150409369210831e+00
1.709201623745457477e+00 1.242113907889952795e+00
1.689117564522960802e+00 1.222802832370794013e+00
1.677939383659181161e+00 1.230062359953540962e+00
1.635237921161283081e+00 1.255989557808091961e+00
1.631254558279880751e+00 1.198962266983756075e+00
1.488084190339308943e+00 1.225316879181181484e+00
1.516232221889475928e+00 1.223569253814836832e+00
1.466818059337147595e+00 1.306622491266203001e+00
1.476142632464623183e+00 1.307459815765751321e+00
1.414499654050791033e+00 1.508779222124145614e+00
1.396442850129180124e+00 1.522214762663285592e+00
1.388728752149398726e+00 1.678646592258951964e+00
1.287919562125194206e+00 1.705778382170692886e+00
1.313208960649435264e+00 1.716738538863581187e+00
1.181205755595416518e+00 1.855559474143567478e+00
1.172489308357074878e+00 1.863480076454041789e+00
1.123295734226437359e+00 1.861723528899210223e+00
1.129990791702833342e+00 1.793681740065518948e+00
1.185778653509348191e+00 1.601227482056879037e+00
1.155954059379652676e+00 1.788986900532370639e+00
1.201070250534481909e+00 1.797617997660641898e+00
1.207429508914701577e+00 1.769542528874872511e+00
1.201517512762417139e+00 1.789214571222575101e+00
1.216000858832879006e+00 1.784791219894313219e+00
1.221942767616835068e+00 1.768735395727306425e+00
1.210402012317260079e+00 1.758762690336170387e+00
1.232825528362042400e+00 1.727499052649447364e+00
1.240812064717618624e+00 1.754382036005381007e+00
1.260456398817373591e+00 1.707668879834808084e+00
1.260166248411173084e+00 1.696145066349530328e+00
1.260875759134693075e+00 1.695038429837826044e+00
1.283290750948667513e+00 1.749636461788729225e+00
1.287957169960393555e+00 1.755960160280761961e+00
1.246885652309748238e+00 1.713059761232271550e+00
1.268783299058412251e+00 1.689378832568304345e+00
1.273881971806790858e+00 1.651001039314581975e+00
1.224518956909076195e+00 1.664645743459475469e+00
1.218710103277104828e+00 1.654880571291249769e+00
1.246133679740102362e+00 1.546536066220080219e+00
1.318351746722844720e+00 1.502227398710922923e+00
1.362733082582100019e+00 1.491497343780261886e+00
1.392592030355200183e+00 1.572185229389219119e+00
1.409428609765604579e+00 1.546909529038432707e+00
1.710468004734374547e+00 1.289841089265942875e+00
1.765995820749945988e+00 1.212901436575521519e+00
1.633802319348480303e+00 1.249152933279767952e+00
1.728923994381365237e+00 1.225787703619842350e+00
1.735901535341400015e+00 1.199163383771890690e+00
1.662128297194944482e+00 1.225487853250484482e+00
1.736533547919592468e+00 1.166090102005563622e+00
1.769098622877166571e+00 1.110533172501276367e+00
1.718733453340617778e+00 1.118600289025098116e+00
1.849970196728773608e+00 1.103833939054280400e+00
1.826320131769066712e+00 1.175315877121841268e+00
1.807043499174352696e+00 1.170494059908957052e+00
1.742474908535618594e+00 1.193859785358770464e+00
1.758469135967120733e+00 1.201361316011496649e+00
1.733658668750463594e+00 1.204576116323999857e+00
1.756215624170069489e+00 1.216628760440635171e+00
1.731114958304093676e+00 1.221243410334544421e+00
1.752641981985675557e+00 1.254284844966772727e+00
1.754752469074380983e+00 1.258591594282248094e+00
1.762716053501150792e+00 1.264126473260339889e+00
1.765180191698702661e+00 1.231210271727996242e+00
1.748838002362222976e+00 1.257721125361543235e+00
1.697580471396235025e+00 1.226551877803879975e+00
1.695637980445225290e+00 1.223848014999274092e+00
1.640404979287922282e+00 1.249801783675273503e+00
1.627464041270496153e+00 1.181050992263312560e+00
1.619940206040619168e+00 1.208501632401638659e+00
1.508170038796190049e+00 1.227230148909910223e+00
1.467904644374770529e+00 1.290033922393968302e+00
1.488298584345006947e+00 1.307791841512147890e+00
1.502492119334637666e+00 1.372384862813440298e+00
1.404597003667469313e+00 1.542590139766617741e+00
1.393730990364234534e+00 1.512876267619098103e+00
1.301127212381371079e+00 1.738647098746394892e+00
1.280338057736370105e+00 1.749530422468894786e+00
1.237859980990406950e+00 1.702290118561945231e+00
1.174166793900134786e+00 1.829688325554110095e+00
1.195228947531150610e+00 1.815865688214799434e+00
1.141737655069308133e+00 1.790820080118453728e+00
1.157098461096652375e+00 1.746381745581309763e+00
1.144533155288682158e+00 1.627291783847488738e+00
1.151321776213788839e+00 1.806548754393422218e+00
1.197158297181327935e+00 1.806004644357024347e+00
1.203493428204176263e+00 1.778733583288478748e+00
1.190548579004746310e+00 1.792974222721023692e+00
1.220561039666377301e+00 1.776062053225417214e+00
1.203630306050411214e+00 1.753225875769521158e+00
1.209298131233553120e+00 1.731044530105017465e+00
1.231966749062427091e+00 1.743847444277623504e+00
1.253588383324319100e+00 1.752504908754045632e+00
1.252863666837384482e+00 1.767979159151514601e+00
1.264346890739112439e+00 1.689041008519094111e+00
1.254944610365531288e+00 1.700770398523702820e+00
1.256676422827517348e+00 1.742592975327634131e+00
1.269952459847024206e+00 1.721206836174403287e+00
1.246890305311715075e+00 1.731435360022486325e+00
1.273977063137611276e+00 1.666592540894574537e+00
1.219856228812979948e+00 1.662288194715439982e+00
1.216515770318349343e+00 1.633686936663776290e+00
1.215712523418498670e+00 1.646906985729670314e+00
1.264279473169622969e+00 1.539372221728530388e+00
1.346181148325241050e+00 1.475593481734370105e+00
1.380471801571761192e+00 1.501836967496953612e+00
1.421809564362423783e+00 1.556734694631126459e+00
1.547357826335421738e+00 1.391132888295796288e+00
1.746976575172774160e+00 1.282617598521260449e+00
1.688681276259825115e+00 1.255123129903585655e+00
1.768498062574519247e+00 1.230868816779903119e+00
1.739535744664639783e+00 1.212679977833521994e+00
1.712621960856928416e+00 1.249064473911869477e+00
1.762452649655743109e+00 1.176448371742766508e+00
1.768987970552153177e+00 1.148000259631093645e+00
1.771824207990562616e+00 1.121238722700112822e+00
1.601421802688940188e+00 1.099893678337944491e+00
1.812673243022569602e+00 1.194468773557625818e+00
1.824824353600464244e+00 1.181102083562458160e+00
1.766605639169086528e+00 1.192174923469843995e+00
1.768520381974816758e+00 1.203383378581369012e+00
1.749526549653264818e+00 1.203383705961067696e+00
1.739936197765286741e+00 1.233260565674586084e+00
1.737745587299125427e+00 1.250963009239560053e+00
1.762748728919273367e+00 1.256092990858110214e+00
1.753770206544003951e+00 1.270392740532163112e+00
1.701465955003409025e+00 1.254871895670522264e+00
1.723267395629858534e+00 1.232390566358211315e+00
1.740263035245882772e+00 1.269061285595505906e+00
1.709275937305832160e+00 1.236804543024660363e+00
1.692295309722354979e+00 1.231786096973307654e+00
1.647069745226241055e+00 1.275071694563053581e+00
1.652411912382798498e+00 1.185486370663116018e+00
1.629621151922588274e+00 1.200736838617487923e+00
1.530245187552273789e+00 1.238680619681065131e+00
1.474585351601116034e+00 1.315837278674794719e+00
1.499896710109769993e+00 1.358970786783587181e+00
1.574368335071901548e+00 1.410526926080153842e+00
1.402539966382036152e+00 1.525922001581102583e+00
1.304694998823863195e+00 1.653647213936859872e+00
1.284770844527221234e+00 1.744753259733801798e+00
1.314306047570530822e+00 1.703315130663616062e+00
1.233057987006464407e+00 1.745701931098781801e+00
1.157141092348726197e+00 1.827241645664715364e+00
1.165802733083300957e+00 1.800673320267770272e+00
1.153876385384244863e+00 1.776418766695772034e+00
1.121866384819737217e+00 1.742945885941121764e+00
1.128036634947184647e+00 1.623913065919028398e+00
1.149606584906336160e+00 1.813667420848725342e+00
1.189405475334714302e+00 1.791428799441270980e+00
1.193079869585022212e+00 1.776240172885974911e+00
1.201682880204971271e+00 1.757837461887748365e+00
1.222997816191891740e+00 1.773528669942400660e+00
1.210413264190995486e+00 1.752713976157311171e+00
