# This is the data for the Hubble and q0 maps for the following parameters: 
#  768 points, q0f= -0.574, h0f= 0.7304, zup= 0.1, zdown= 0.01
# 
#  h0u h0u_err h0d h0d_err q0u q0u_err q0d q0d_err
7.255469004212213857e-01 2.103963862696263312e-03 7.375723824889218738e-01 3.165945190813137296e-03 -9.831557577901695044e-01 1.488672324958214832e-01 3.370512309025981007e-02 2.325291496372391686e-01
7.273723577349179292e-01 2.189157562821882584e-03 7.315229074259000930e-01 2.897624053743394837e-03 -8.627481930134164312e-01 1.639214379443850733e-01 -5.422975860562739836e-01 1.964850516045476003e-01
7.282959928442546138e-01 2.207530101202799262e-03 7.292799479643297111e-01 2.859581562917046238e-03 -8.062752333916344272e-01 1.656209427244120236e-01 -6.458530326208987704e-01 1.940209844430402231e-01
7.269141649772519198e-01 2.101099286589875464e-03 7.338987756300199283e-01 3.170601417373075225e-03 -8.877984173601880524e-01 1.490209392503921426e-01 -2.383162583553337099e-01 2.338538104095432002e-01
7.265365578830129678e-01 2.133044751601153883e-03 7.356807036249708442e-01 3.167478937883360431e-03 -8.856810663758867275e-01 1.535465766259145048e-01 -2.235703937812619502e-01 2.226123194568367658e-01
7.247901158671445909e-01 2.105641624605842418e-03 7.385360011758855814e-01 3.164331484391842871e-03 -1.069608800345293043e+00 1.528431297307724368e-01 1.011314235087070468e-01 2.239014283943775441e-01
7.265557684526257054e-01 2.128694376660047322e-03 7.341573523057861594e-01 3.037497642148784347e-03 -9.436582603578437256e-01 1.532861126186427780e-01 -2.470218900620279046e-01 2.173793499549012687e-01
7.280196968586630790e-01 2.192072360013252487e-03 7.301359371835850487e-01 2.878643847938753240e-03 -8.054441733592090369e-01 1.643817232681725193e-01 -6.390539158381842721e-01 1.962075790536583209e-01
7.286747645410822649e-01 2.206885408142467316e-03 7.291033389556457189e-01 2.839532867179344038e-03 -7.635082898435262555e-01 1.647322136549176363e-01 -6.726172761897983854e-01 1.953902215651181495e-01
7.284303892060433050e-01 2.204121828119620045e-03 7.287586189689779781e-01 2.856592268774981683e-03 -7.633742653550253943e-01 1.651244623726310368e-01 -7.235966711199136592e-01 1.942464459274678146e-01
7.275962900141980105e-01 2.152274831379931939e-03 7.314365766934401991e-01 2.991696898583009068e-03 -7.919170157684821687e-01 1.548759249864633536e-01 -5.703625222721175891e-01 2.143226845650361145e-01
7.274381299900253284e-01 2.091504214593942548e-03 7.332589304375259909e-01 3.190424437324050535e-03 -8.282552245148728787e-01 1.477638092386453772e-01 -3.246149371028836383e-01 2.383192717225361135e-01
7.264995534405862543e-01 2.142518454783018909e-03 7.358946493015283696e-01 3.108921873086036361e-03 -8.829098504876092823e-01 1.540060708924539667e-01 -2.194107906066053437e-01 2.207628661484232202e-01
7.257394113447125372e-01 2.145055294839552824e-03 7.365713507335847066e-01 3.093363326344812734e-03 -9.668492358521182384e-01 1.562812051950511760e-01 -1.547631602098884229e-01 2.134281424886945999e-01
7.243250727435379677e-01 2.115945092068385620e-03 7.394364805888179459e-01 3.114854263905816704e-03 -1.067580299346264638e+00 1.537402447931353611e-01 5.820056684881087100e-02 2.202682058978376878e-01
7.260536224554329232e-01 2.119602764206252477e-03 7.352080765481211477e-01 3.040681168939949643e-03 -9.682466067396482412e-01 1.525511438189142421e-01 -2.166507818157130949e-01 2.178976912103309238e-01
7.282374016223953639e-01 2.189858881495285875e-03 7.294703970808090743e-01 2.887838753782333203e-03 -8.165956838607858481e-01 1.625715621363260088e-01 -6.358491591409408672e-01 2.001201843960267179e-01
7.293632787675049522e-01 2.210621493096466723e-03 7.274704927871150639e-01 2.837473539723489070e-03 -7.208050669130251498e-01 1.640607804079297349e-01 -7.790913104090936292e-01 1.975881285669996712e-01
7.287064730747810914e-01 2.209574599331557213e-03 7.287867125183667971e-01 2.838666928931901125e-03 -7.473221662348941141e-01 1.644952644183433066e-01 -7.231085107832814218e-01 1.966444723703832387e-01
7.281003966962367180e-01 2.212653017703785675e-03 7.301594591396677325e-01 2.824219224415425687e-03 -7.944387603456721791e-01 1.646714090938937725e-01 -6.260960338851072615e-01 1.952917325754680855e-01
7.279415494931852360e-01 2.211591333137846466e-03 7.296659378558481013e-01 2.833740538279444846e-03 -7.926489950444449706e-01 1.650873820449963447e-01 -6.680026352165040482e-01 1.931926479639939354e-01
7.274584319672876553e-01 2.190706113150444907e-03 7.305094498063807729e-01 2.886353722417977791e-03 -7.973223244929986686e-01 1.604089840820522028e-01 -6.328727225549476421e-01 2.009442907530390454e-01
7.272573237203893148e-01 2.130839273010425722e-03 7.320150707108442623e-01 3.054743069359178945e-03 -8.215890792263711440e-01 1.506950306583891563e-01 -4.775495942493989676e-01 2.295522736044597889e-01
7.272912141028530231e-01 2.132951337337696523e-03 7.330185674431540788e-01 3.112838601398025280e-03 -8.174375457268145961e-01 1.518674671550813149e-01 -4.176358554957839142e-01 2.254192777821210358e-01
7.258099383730663989e-01 2.148724732292476951e-03 7.373953968291682148e-01 3.024277071001636556e-03 -8.977882848508373925e-01 1.538398172075922388e-01 -1.739197076882155191e-01 2.177556482856810305e-01
7.261918225998968968e-01 2.126037554548591835e-03 7.359673772642079115e-01 3.149849612147323421e-03 -9.083907723709827575e-01 1.539893949243001936e-01 -2.360421706901303374e-01 2.197175136169458864e-01
7.252083599373685407e-01 2.133544862085684762e-03 7.387589052132762513e-01 3.142907312761511474e-03 -9.866967492077803881e-01 1.558432095202970935e-01 -7.642227274958807159e-02 2.144819294877649829e-01
7.242344541306627859e-01 2.126524959887737300e-03 7.394117079484370247e-01 3.052556883600724379e-03 -1.066581234800373590e+00 1.546554171115927800e-01 5.287856684853987216e-02 2.170999390416483155e-01
7.246761795137121043e-01 2.144202535172854383e-03 7.377905292681169458e-01 2.974069815685181917e-03 -1.023323435374012602e+00 1.564696953775956134e-01 -1.279665089504551934e-01 2.098824658217206263e-01
7.269589191453286192e-01 2.203380466153510332e-03 7.319251708533918155e-01 2.841142756119560252e-03 -8.812574469765381835e-01 1.637489237848643031e-01 -5.429275156123670731e-01 1.962734368464701118e-01
7.290179407174205428e-01 2.224677866579707723e-03 7.276500541790464904e-01 2.806534210008469667e-03 -7.675760540023480738e-01 1.651462789628907746e-01 -7.530122108931830427e-01 1.953348817498138101e-01
7.300013777704638107e-01 2.217167243532350892e-03 7.266187310214462514e-01 2.819051866596200551e-03 -6.821216960900279291e-01 1.646468797208833212e-01 -8.288178227021515410e-01 1.961779277944507849e-01
7.297488018151249145e-01 2.230872835506035948e-03 7.273253145292950528e-01 2.802634440087737114e-03 -7.028721612662605089e-01 1.657239705580739186e-01 -7.767964245623645292e-01 1.943975040219937112e-01
7.294126319967237926e-01 2.215615780760493789e-03 7.279727889548279762e-01 2.821071849584274975e-03 -7.065964649201335046e-01 1.647918946198384249e-01 -7.532197983422378451e-01 1.953877822960035926e-01
7.280031394052371985e-01 2.215477002912593762e-03 7.299642661504553987e-01 2.811542384576228275e-03 -8.109466850120262693e-01 1.650978471669083680e-01 -6.174427674463076610e-01 1.936638146066707034e-01
7.277675331062571917e-01 2.204191272276933514e-03 7.301570263779620928e-01 2.833585176849484719e-03 -8.090707280694900971e-01 1.645800062846260181e-01 -6.200495348164658527e-01 1.933553030357345326e-01
7.280371708805665198e-01 2.193262702266420873e-03 7.295808429016523711e-01 2.881353073024229584e-03 -7.702298402909746322e-01 1.608044002830303909e-01 -6.766991938902787718e-01 2.001302560932684271e-01
7.278243712188697812e-01 2.127045232551364601e-03 7.305136542547575607e-01 3.085116222102117240e-03 -7.769244630964664555e-01 1.498880677501501779e-01 -5.972093792122251665e-01 2.314299868521006720e-01
7.279001809909038112e-01 2.160773981530915520e-03 7.312339661284742443e-01 2.951104537040432924e-03 -7.382109675186829811e-01 1.514187484520263249e-01 -6.223268047152084037e-01 2.237711985194927033e-01
7.264174135901386720e-01 2.140059473699803486e-03 7.362623679529276544e-01 3.047025765868842384e-03 -8.402649195177595010e-01 1.526782438888189264e-01 -2.945907408760017887e-01 2.218139458967695321e-01
7.269834754881724370e-01 2.159284710205410570e-03 7.351356707524508982e-01 2.989083334202342467e-03 -7.991037581367803622e-01 1.541554508312359129e-01 -3.861358944169052676e-01 2.176551652011079752e-01
7.267787155488998341e-01 2.155352208663060491e-03 7.355416539288270883e-01 3.014328156357388988e-03 -8.257262427244473901e-01 1.541039063975644108e-01 -3.385830282218408871e-01 2.187513910354448032e-01
7.259043302338978876e-01 2.118996342792024527e-03 7.379974130066513371e-01 3.154074262456079639e-03 -8.737653551193821366e-01 1.534558203376141516e-01 -2.548486286794747757e-01 2.215448440142282205e-01
7.249634433183035354e-01 2.129023550689564115e-03 7.390493163937362775e-01 3.141265395843195318e-03 -1.012164542202597994e+00 1.541987952220868208e-01 -5.766596752440717073e-03 2.189674653719404784e-01
7.255057010732393064e-01 2.155008049622933724e-03 7.362988061973925191e-01 2.983644401933751179e-03 -9.530889673621903979e-01 1.544544914155749071e-01 -2.115024998698834813e-01 2.146343836129234184e-01
7.251927883863883428e-01 2.145515580581528348e-03 7.360795176292991293e-01 2.976142359817314162e-03 -9.808048078999858088e-01 1.550127502691988901e-01 -2.407052837199503137e-01 2.113518877649349370e-01
7.247809927164649002e-01 2.184091763063413655e-03 7.364177141317385100e-01 2.875396512134140766e-03 -1.095699574627795769e+00 1.648343748500070427e-01 -1.720615198063949747e-01 1.949924086924509359e-01
7.274742535535307919e-01 2.207436537076963752e-03 7.308494411283623649e-01 2.846950051548007617e-03 -8.457786835045366658e-01 1.642179966094568511e-01 -6.049492435811872904e-01 1.971767900344045255e-01
7.302634438368278413e-01 2.243903472122730017e-03 7.262527590135204880e-01 2.768017052846526854e-03 -6.586265679858189781e-01 1.663246968019435335e-01 -8.659620014525235554e-01 1.935141289302600154e-01
7.313536385221122149e-01 2.243707606787063904e-03 7.251892250691611697e-01 2.769556156018952806e-03 -6.065645716606357096e-01 1.658699871941484438e-01 -8.693990482906787109e-01 1.939840501546963025e-01
7.315752569742918210e-01 2.256523034316498290e-03 7.249004841672803678e-01 2.757750796091958199e-03 -5.692122859267992885e-01 1.670243439110463968e-01 -9.291272567801187598e-01 1.928072381477681230e-01
7.303948689938841721e-01 2.214618420642816381e-03 7.265465398339182590e-01 2.820380535586969242e-03 -6.306499994389868080e-01 1.656512512821888550e-01 -8.494916641965183368e-01 1.940057900490882725e-01
7.294556250366133199e-01 2.205033078841689160e-03 7.281644261556059483e-01 2.837068025373509599e-03 -7.016756859442494498e-01 1.635683200920508285e-01 -7.511184885086568119e-01 1.978000560038903621e-01
7.281027663119560289e-01 2.230380634695385781e-03 7.293396578601535341e-01 2.787096315688515884e-03 -7.856123728406758655e-01 1.683299316700098969e-01 -7.013129900682115725e-01 1.888736971975993606e-01
7.285595893569317694e-01 2.226524126560707785e-03 7.287622373783007035e-01 2.800624399478832214e-03 -7.482607122906442809e-01 1.663407914230570772e-01 -7.214717378170225626e-01 1.914903654429383206e-01
7.287362207060108510e-01 2.210988135642152994e-03 7.286952071286237897e-01 2.829478655262097041e-03 -6.991827498577826150e-01 1.606318732444733388e-01 -7.791042460263618574e-01 1.995551759922736257e-01
7.290768646403786857e-01 2.155236153113028810e-03 7.279689113105988207e-01 2.952034349192945908e-03 -6.284725676330507049e-01 1.526160573959250977e-01 -9.437699399377876830e-01 2.176558384877937957e-01
7.281112140098122687e-01 2.180386961114505560e-03 7.309606115054545494e-01 2.888819203830748222e-03 -6.856027386412839597e-01 1.504612773485404509e-01 -7.612582628692715625e-01 2.265456361736024604e-01
7.265341918176099201e-01 2.175150669279170973e-03 7.341215115708503713e-01 2.914524768999317717e-03 -7.826157217912821373e-01 1.523846103694467824e-01 -5.046984007927003413e-01 2.219413148478026065e-01
7.265512598344127104e-01 2.162169744952447195e-03 7.354961933411157116e-01 2.962313079720503908e-03 -8.122567303397019156e-01 1.534271865207004482e-01 -3.758217871566128521e-01 2.182501657906275316e-01
7.273180945033208555e-01 2.204803872469462533e-03 7.331642245954363979e-01 2.850426904720042894e-03 -7.943261950866588039e-01 1.570675448141568842e-01 -4.797050528250524914e-01 2.078638087891659103e-01
7.264758949826272127e-01 2.182019946088157355e-03 7.354074993816099859e-01 2.912855814434837931e-03 -8.192324217071914605e-01 1.554863783786087916e-01 -3.897406440220349544e-01 2.132120148261025250e-01
7.260943461140700883e-01 2.177738581871745040e-03 7.361890997936192393e-01 2.931540497333155401e-03 -8.584642042030300457e-01 1.561595170797238641e-01 -3.367812174720484775e-01 2.119432477862362163e-01
7.266100521064127182e-01 2.163085385130313846e-03 7.352789547418300264e-01 2.992277123483923391e-03 -8.400825919543087883e-01 1.569195089702675461e-01 -3.775229422986166039e-01 2.117079434308698216e-01
7.258997276920535757e-01 2.157564759750692316e-03 7.356323463960775522e-01 3.021094228560789862e-03 -9.699644105382358994e-01 1.561640772375239294e-01 -1.884557233233938867e-01 2.126708337379519531e-01
7.267756664732298866e-01 2.188320032860300527e-03 7.333708293523371058e-01 2.907102783745130377e-03 -8.775052036693621327e-01 1.572506847626921056e-01 -4.037372058596954694e-01 2.096845302936467259e-01
7.251689393727904775e-01 2.173591692855524147e-03 7.354352311721107371e-01 2.883183545527008649e-03 -9.943319668174347425e-01 1.000000000000000000e+00 -2.517096569802271255e-01 2.079032577277583060e-01
7.254458064836503128e-01 2.206111912130833720e-03 7.342470494622196364e-01 2.813528813837375565e-03 -1.036259808506055924e+00 1.651048625173443807e-01 -3.118511291565739252e-01 1.942632707379416679e-01
7.278860329549029506e-01 2.236713847164308305e-03 7.300267067436386759e-01 2.779560535360819842e-03 -8.083991470262941181e-01 1.674604934136617318e-01 -6.732836622395762527e-01 1.906506279088040212e-01
7.290104586927098618e-01 2.241804305138613614e-03 7.283813254270595783e-01 2.781398651623449240e-03 -7.234128097789507272e-01 1.661866287531533204e-01 -7.753981851318604290e-01 1.942707434566669500e-01
7.313884954175219333e-01 2.246443928597352101e-03 7.254868325316282673e-01 2.761038436296202239e-03 -6.015163678933145297e-01 1.656750943451643088e-01 -8.668708384359542496e-01 1.937002515930217050e-01
7.313962336800929886e-01 2.247488208276531615e-03 7.254361814693272015e-01 2.767302142900847101e-03 -5.708239374473109695e-01 1.653601718929830211e-01 -9.144063426955453266e-01 1.949800276269135213e-01
7.313423271985621810e-01 2.261529514589455652e-03 7.253930876376087911e-01 2.747218465377066366e-03 -5.783218588245481184e-01 1.673189583419888160e-01 -9.164974200643688507e-01 1.924910345004127998e-01
7.315782854642719490e-01 2.269439751531244619e-03 7.254052241066188955e-01 2.743056860869696936e-03 -5.810647999454335855e-01 1.687123198597572926e-01 -8.794960442166047665e-01 1.912176123559879704e-01
7.307710347834301956e-01 2.264186735471211340e-03 7.267128935759769037e-01 2.729746505553626648e-03 -6.158202278494080417e-01 1.686159133640728613e-01 -8.249080993186153066e-01 1.900884242857616979e-01
7.297202247752956339e-01 2.212340288393409987e-03 7.281023636159278389e-01 2.812793470714818750e-03 -7.061033813257842073e-01 1.636145552249826107e-01 -7.219176731699870064e-01 1.965543414003990408e-01
7.290007445344517389e-01 2.237954826109541783e-03 7.281704294734741012e-01 2.778867306493372318e-03 -7.205990812545902680e-01 1.681333430005602092e-01 -7.694228040679796932e-01 1.898884008679643520e-01
7.285898360849839550e-01 2.227385541267863124e-03 7.290694762205842672e-01 2.789472028049237717e-03 -7.159896990955336715e-01 1.648688780163647671e-01 -7.582603419355785634e-01 1.924764338759951121e-01
7.297172467169583676e-01 2.214679479896865949e-03 7.271764651379687416e-01 2.806919336035668643e-03 -6.011342121277872819e-01 1.605473819335899444e-01 -9.354657915367464716e-01 1.989557242261723036e-01
7.296220858621959016e-01 2.169434582656705034e-03 7.271965159791656808e-01 2.919096638183244462e-03 -5.620538940987088727e-01 1.524182886219401789e-01 -1.064034505505003780e+00 2.206569252021851057e-01
7.282110966017111275e-01 2.189525808327064463e-03 7.306350125128838746e-01 2.861248341782765114e-03 -6.758734795980845256e-01 1.512965701208439928e-01 -7.802692474241309517e-01 2.235152724791964196e-01
7.272886400849116750e-01 2.175088021704313628e-03 7.324843822644843128e-01 2.877881751973940250e-03 -7.289927877726507521e-01 1.500394840299505705e-01 -6.370267268340228384e-01 2.264164999435403225e-01
7.271177732467797306e-01 2.199409136313817265e-03 7.332175961444877821e-01 2.840667521709998398e-03 -7.544776267951810445e-01 1.530905805967160693e-01 -5.498834715562745945e-01 2.183185834521037816e-01
7.271379889309101952e-01 2.193908320810931262e-03 7.339023103789539260e-01 2.884597336317064938e-03 -7.640223631422375927e-01 1.538715469932708246e-01 -4.957482660216262493e-01 2.173405537462414494e-01
7.274248231126109188e-01 2.245409082319906827e-03 7.330651498454896497e-01 2.774906202191048787e-03 -7.560648443061604995e-01 1.587111837444481754e-01 -5.107789094196671931e-01 2.058764193138177545e-01
7.273530756981496648e-01 2.224286773387630645e-03 7.337555774339398207e-01 2.817178961436836004e-03 -7.379200838573338750e-01 1.575941877908626776e-01 -5.295414398819774382e-01 2.085132421628362598e-01
7.267584728553925233e-01 2.216031427276650510e-03 7.349502994753783769e-01 2.812263469821223768e-03 -7.859416498599139933e-01 1.569552892856292958e-01 -4.286984623867066135e-01 2.086714617765596247e-01
7.267551636090481271e-01 2.218184498873508256e-03 7.350145478222924744e-01 2.812896249548223291e-03 -8.101466253509094217e-01 1.587242866280422215e-01 -3.972562099667392710e-01 2.044681590702406848e-01
7.256140889549728135e-01 2.177503773385609364e-03 7.368063692636871442e-01 2.905056163308499580e-03 -9.282854067486787653e-01 1.570234209751613652e-01 -2.325943916258508826e-01 2.070164826752901310e-01
7.254539695826331958e-01 2.175447018097353101e-03 7.360283089850510052e-01 2.896082523338981436e-03 -1.007465990407247158e+00 1.560391997162920430e-01 -1.422912995200467656e-01 2.079733738949426092e-01
7.254844175599611811e-01 2.195603089142939522e-03 7.346886192426355100e-01 2.848929182841124664e-03 -9.751630895001049959e-01 1.572867049568291431e-01 -2.859250657141403362e-01 2.061049426808243823e-01
7.246590105128508652e-01 2.208079963879639243e-03 7.355582151499023835e-01 2.815345633012272288e-03 -1.042534616399440672e+00 1.606026058795160527e-01 -2.153475041262881973e-01 2.019387905227929270e-01
7.257885092221547652e-01 2.185501499521507775e-03 7.342860945687615937e-01 2.847722337494703639e-03 -9.630262586350245568e-01 1.585272665624659627e-01 -3.366363821052105187e-01 2.031335398874757336e-01
7.288122217202172015e-01 2.263373372979930742e-03 7.287359619503329666e-01 2.698626350615564769e-03 -7.644969835689943150e-01 1.705685337770659615e-01 -7.004569944113785418e-01 1.841267061074015610e-01
7.286518673584594374e-01 2.238927282005002614e-03 7.293920260359890717e-01 2.787336866386340775e-03 -7.751328255412217594e-01 1.654656265134837323e-01 -6.623207740768957130e-01 1.949190533977379070e-01
7.304678819028324055e-01 2.248376614278648194e-03 7.265556653579692270e-01 2.758175954531820635e-03 -6.420397609494832292e-01 1.660420548092979842e-01 -8.569672692832236427e-01 1.935700655534904890e-01
7.319489905013564224e-01 2.246618047237636685e-03 7.250917106679802826e-01 2.763782616426314724e-03 -5.646385159470718174e-01 1.646447521272982883e-01 -9.158584833386838042e-01 1.955458929334104035e-01
7.322180249977394695e-01 2.264595104221578739e-03 7.250117671536232544e-01 2.735587352635569878e-03 -5.557599200034767373e-01 1.667731952306166221e-01 -8.875616346254973088e-01 1.926658739543902488e-01
7.322383537498351469e-01 2.275489552062085613e-03 7.249056752357947442e-01 2.708460692998869001e-03 -5.596215436345417515e-01 1.674249070487954238e-01 -8.873966863263131888e-01 1.913906094922335765e-01
7.326832146868872409e-01 2.315025773851581842e-03 7.244985911572493498e-01 2.667015541437620443e-03 -5.250322701886649401e-01 1.710079428723021155e-01 -9.243659558187014014e-01 1.879310027904655123e-01
7.320119088433432175e-01 2.294104907823573628e-03 7.255597392949666435e-01 2.699925777948578975e-03 -5.607533568799271118e-01 1.701227704217906089e-01 -8.553405635677859831e-01 1.891829374833103594e-01
7.307044490079429577e-01 2.289837513906463253e-03 7.271050941601147066e-01 2.693086761192933255e-03 -6.385101870879875685e-01 1.700882539407934380e-01 -7.798846287967635682e-01 1.881180428859865195e-01
7.294276793128761094e-01 2.252949580502033779e-03 7.285872133574237131e-01 2.735924719422945517e-03 -7.089948927599332151e-01 1.670080545240075209e-01 -7.204674940393960281e-01 1.914214730625638239e-01
7.300501709704784181e-01 2.234913587089527431e-03 7.268962741650637494e-01 2.755892864770429548e-03 -6.599450813554086359e-01 1.651168531682374596e-01 -8.262228453627573632e-01 1.917880420447375944e-01
7.293977624319977204e-01 2.229836439969545402e-03 7.280467714262689460e-01 2.778100266086772335e-03 -6.449668094066066670e-01 1.621073438770866126e-01 -8.437899367356718194e-01 1.964549200416046970e-01
7.294017424970679064e-01 2.232884068696852978e-03 7.280368376591374036e-01 2.767876243815651539e-03 -6.208699668742453381e-01 1.635508291817251436e-01 -8.729166389363017808e-01 1.933006309779355669e-01
7.296686057076108289e-01 2.192830003239999194e-03 7.276563677722344137e-01 2.843330420050735764e-03 -5.463784565481503153e-01 1.529974740123802857e-01 -1.063613812994412378e+00 2.180923604665381266e-01
7.295682229997716428e-01 2.204266105936191107e-03 7.286695605279165378e-01 2.828051827764702965e-03 -5.190896059627683190e-01 1.525080738723625373e-01 -1.059643379831988197e+00 2.211186275124515654e-01
7.279757197565306370e-01 2.201704229112033673e-03 7.311185771211470286e-01 2.822976273893153427e-03 -6.983602580319030473e-01 1.511830595957806000e-01 -7.059473360324373115e-01 2.233024227543356222e-01
7.274876939558284628e-01 2.225058943982305328e-03 7.322091115189716115e-01 2.776499975565658619e-03 -7.478729110479812592e-01 1.540609443799038358e-01 -5.784706560573604772e-01 2.151475603424289618e-01
7.279804368301876494e-01 2.251546356046066864e-03 7.322134053414447452e-01 2.751682206239898943e-03 -7.118912955992380276e-01 1.555102670444180879e-01 -5.887266763549590110e-01 2.124213836925383792e-01
7.273277038125288696e-01 2.249161900917332878e-03 7.332145953363149449e-01 2.779675014841804549e-03 -7.602572201051974732e-01 1.574282648849859023e-01 -5.082306288065087108e-01 2.095975032811720207e-01
7.270124671755081591e-01 2.238264309510822146e-03 7.328690748057585802e-01 2.740936149146258084e-03 -7.731274436492594493e-01 1.560533473394961901e-01 -5.296396785586060529e-01 2.093180818175554569e-01
7.265150931316418648e-01 2.239705172515417137e-03 7.341244538422688759e-01 2.748169313541883388e-03 -7.918447041215790350e-01 1.584008186612957392e-01 -4.942790447622951722e-01 2.040126282655915779e-01
7.259070026398424247e-01 2.267160943483562379e-03 7.354929907757578045e-01 2.708068514670157727e-03 -8.338187871242914717e-01 1.600725951402102998e-01 -3.890996233934851944e-01 1.000000000000000000e+00
7.256695972227359404e-01 2.253195638990224386e-03 7.357887882907685473e-01 2.724428564699892408e-03 -8.663399609059924122e-01 1.590134395989449556e-01 -3.433217527772693956e-01 2.035041731715772628e-01
7.259715583716680465e-01 2.277328480252406324e-03 7.351888468760996442e-01 2.683391562674872222e-03 -8.825131976890371321e-01 1.619613588623187161e-01 -3.372945933806144048e-01 1.967004783546868751e-01
7.258215196782762391e-01 2.224497952210773098e-03 7.362104432165890167e-01 2.801212478669726225e-03 -9.566554073175932427e-01 1.582347869860288303e-01 -1.298771750780766399e-01 2.057704621583666682e-01
7.259306140874235425e-01 2.211276454773058054e-03 7.344184068296192303e-01 2.802397899756337452e-03 -9.932387733771171900e-01 1.577343101439201145e-01 -2.039736673695285718e-01 2.037002748696211396e-01
7.256323541880725925e-01 2.213387737140109189e-03 7.350189900935342191e-01 2.800483836007691338e-03 -9.771685133086366326e-01 1.581094545434602316e-01 -2.389278411642454802e-01 2.032507745645840136e-01
7.255777631285863505e-01 2.208977104880711310e-03 7.343180353271993033e-01 2.790412227048809802e-03 -9.768647976395536947e-01 1.571817847152328640e-01 -2.869730473479318311e-01 2.053958929251792354e-01
7.257939051621835613e-01 2.234206389735208815e-03 7.340509352490076633e-01 2.729816518046655413e-03 -9.764112294624162081e-01 1.612729181799852363e-01 -3.078809817699288964e-01 1.962971062592622495e-01
7.267062748696155872e-01 2.278073671080416748e-03 7.317189173281751779e-01 2.662812208076877855e-03 -9.750174373426341301e-01 1.695653022104383900e-01 -4.489441207448023330e-01 1.855365480262972377e-01
7.282785212325403323e-01 2.268021150414304982e-03 7.298013641021117159e-01 2.715297762079260570e-03 -7.993386929286070419e-01 1.682480633494781996e-01 -6.348949246366718535e-01 1.892073305089170265e-01
7.293075695789406065e-01 2.241032440887664925e-03 7.280934961490059809e-01 2.781223430841400952e-03 -7.072601166470884326e-01 1.659266166538977683e-01 -7.894977599319903394e-01 1.945990611740286425e-01
7.300064995959976155e-01 2.244042896713457306e-03 7.269714106991902458e-01 2.771510959805209735e-03 -6.441388451215210864e-01 1.651476766447938505e-01 -8.898541325333131358e-01 1.955151932736126918e-01
7.328265951869475936e-01 2.262794157725081957e-03 7.242323057588565538e-01 2.741354193992827978e-03 -5.306032609084706531e-01 1.665876845957749430e-01 -9.244283699554510791e-01 1.932931886398386034e-01
7.327396934059055011e-01 2.291678235874200498e-03 7.246674313992653715e-01 2.686198384217067768e-03 -5.446451471061237726e-01 1.684868452394822635e-01 -8.868613077995454175e-01 1.900576464837763768e-01
7.328176599440605621e-01 2.301622015760859327e-03 7.247544713194061794e-01 2.673971073578125177e-03 -5.407159749847326724e-01 1.687591329722311351e-01 -8.856851170066856183e-01 1.897042790634241860e-01
7.327244889715208709e-01 2.311209235609585060e-03 7.250069662127412995e-01 2.668524135195292270e-03 -5.453950294795141263e-01 1.698296666086838991e-01 -8.673196109002301313e-01 1.889727523306753421e-01
7.329574572209912597e-01 2.323366509938263377e-03 7.248379670352808057e-01 2.654663371719342621e-03 -4.971054865244204923e-01 1.710647743621179773e-01 -9.096477385979173658e-01 1.873619026578401681e-01
7.318606640682399078e-01 2.326879157043317600e-03 7.262619054191956636e-01 2.653954470343319015e-03 -5.865830156958421471e-01 1.718828077120673203e-01 -8.060762846064843945e-01 1.868979769293117599e-01
7.314616327232519311e-01 2.322675695139370285e-03 7.263387769818095974e-01 2.655217197906336798e-03 -5.863393306409437900e-01 1.719605818593813173e-01 -8.348145798998819478e-01 1.867596299244558833e-01
7.312053536832606726e-01 2.252064294524272394e-03 7.258603471649411887e-01 2.714670932674767036e-03 -5.681440177769740973e-01 1.657685239807456523e-01 -9.270604632120477140e-01 1.909093004606789157e-01
7.299419074820898690e-01 2.247945799624121582e-03 7.274322130674441000e-01 2.709043721097668510e-03 -6.798627175815307178e-01 1.659345524713810860e-01 -7.754708348980217103e-01 1.894264826941776114e-01
7.304791394307544872e-01 2.251435983302090774e-03 7.266914700866027310e-01 2.721761964943857082e-03 -5.641968716878873469e-01 1.636915611761401990e-01 -9.484476975901761087e-01 1.929777588815308198e-01
7.296321944744592614e-01 2.260395309516253885e-03 7.279895023167547441e-01 2.717583756061929621e-03 -5.884835676508323177e-01 1.652851383074921410e-01 -8.990406891400107847e-01 1.905276211921859419e-01
7.296740150016971516e-01 2.260771369791961770e-03 7.281889042660151246e-01 2.702501508884075018e-03 -5.558331920726228281e-01 1.638376285621752082e-01 -9.281649680656699486e-01 1.924179286524782262e-01
7.294137197531763706e-01 2.234801119793287071e-03 7.289874753498143400e-01 2.756794469441161636e-03 -5.242600567229618314e-01 1.573219503944399689e-01 -9.811118128788488546e-01 2.056794160295055129e-01
7.285700826628997984e-01 2.230693114917978084e-03 7.299551052089670033e-01 2.766481765637477351e-03 -6.548793363487832586e-01 1.553697330516652930e-01 -7.946594451948409965e-01 2.109422411488330595e-01
7.290922491045483955e-01 2.252926894394482234e-03 7.294390580498303356e-01 2.707433290053640369e-03 -6.525109441972430924e-01 1.558304985808111609e-01 -7.934911183451276440e-01 2.086750056673884191e-01
7.277902773920067458e-01 2.289962853902442665e-03 7.321440932310632199e-01 2.683321584385256996e-03 -7.250094943078455589e-01 1.604638466510869554e-01 -5.979208030020795039e-01 2.007435126054563090e-01
7.276745281398956378e-01 2.293927607944600770e-03 7.323014727683307967e-01 2.703185920400417216e-03 -7.206901309688602542e-01 1.596087136445416554e-01 -5.920328179384990452e-01 2.048493899524044259e-01
7.267049129328873036e-01 2.281405591761539748e-03 7.334328950271143954e-01 2.695473015839496261e-03 -7.818580895176807655e-01 1.589740794937479218e-01 -5.029812546208161095e-01 2.046960258662301746e-01
7.269374682971261326e-01 2.301538976701165799e-03 7.328852413915644126e-01 2.653987940590926339e-03 -7.865389439391728965e-01 1.599806900428228651e-01 -5.155195306888656903e-01 2.022847026137001014e-01
7.265079908936575848e-01 2.309857376479303691e-03 7.334332322840609875e-01 2.638170392730490067e-03 -8.030776362992174677e-01 1.608087536099722936e-01 -4.904062025747852327e-01 2.005018767234037769e-01
7.265453344922342405e-01 2.327362682229705375e-03 7.336724860028480677e-01 2.605478875542161388e-03 -8.157985579764962525e-01 1.631818727888167952e-01 -4.693615712321374533e-01 1.943257139551693713e-01
7.260211815098083221e-01 2.332895915477591932e-03 7.341739442031613994e-01 2.587721693687701757e-03 -8.390540076652863721e-01 1.633399210932105494e-01 -4.577058178891539320e-01 1.941464241167714377e-01
7.259291570464411203e-01 2.294718735508240962e-03 7.348828878900699468e-01 2.655762338918312565e-03 -8.671823725056923005e-01 1.624901547991161044e-01 -3.844934397202569576e-01 1.961622353812805808e-01
7.256827035050064101e-01 2.294863506855698756e-03 7.352236468552313386e-01 2.654565725497870770e-03 -9.110097561194558935e-01 1.628602430233682397e-01 -3.168783522555955745e-01 1.952249081768500094e-01
7.245659416379008899e-01 2.253061349345441677e-03 7.369048342554999076e-01 2.706551837181044289e-03 -1.041644207614604190e+00 1.606682629447779009e-01 -7.754374629143642728e-02 2.007043314321893535e-01
7.254771819880149186e-01 2.259524817078791079e-03 7.346329059575211762e-01 2.700224096250172529e-03 -1.014615064650510323e+00 1.603344870318701987e-01 -1.976355935652778784e-01 1.982541091075502304e-01
7.254315879575200521e-01 2.245173183391487373e-03 7.349532508625669092e-01 2.730379014334958793e-03 -1.006972698366632057e+00 1.605294726482114631e-01 -2.128095535369327329e-01 1.981308011800043678e-01
7.263348437855322581e-01 2.232822587891591069e-03 7.336245887547109268e-01 2.731692635149875377e-03 -9.793400936806655466e-01 1.601093053461895843e-01 -2.616282347961241816e-01 1.981826535998491845e-01
7.265118476046460438e-01 2.316385450611728285e-03 7.322222238162764407e-01 2.591230946107204655e-03 -1.002007809497275304e+00 1.000000000000000000e+00 -4.005993573230904325e-01 1.806578565882104581e-01
7.278438046416322305e-01 2.329289462767528303e-03 7.300833057568850704e-01 2.587259321396313816e-03 -8.488602329846386407e-01 1.761318132106561019e-01 -6.188683895225958187e-01 1.773586964185080717e-01
7.283812008040585484e-01 2.300552499669734820e-03 7.298234546012867252e-01 2.654319160919961854e-03 -7.782675891904979881e-01 1.692120895167353034e-01 -6.644226758971520930e-01 1.878372713669030913e-01
7.305083041720378256e-01 2.267308203586545189e-03 7.263006595156217271e-01 2.734276118990274125e-03 -6.158115430349343500e-01 1.663919566167074982e-01 -9.325278529866406485e-01 1.936876930911566597e-01
7.317210037729517946e-01 2.286541742100326943e-03 7.255873299426112144e-01 2.710912915255085914e-03 -5.929592971610053720e-01 1.680539258256825430e-01 -8.849904093790756932e-01 1.917485245286269513e-01
7.327943106542830209e-01 2.296581820869238698e-03 7.245315894700804504e-01 2.682962900320435065e-03 -5.364851260459450044e-01 1.685467205124919210e-01 -9.048775227425396306e-01 1.902330719112941271e-01
7.327879117254024743e-01 2.302270478066291773e-03 7.248892187838252843e-01 2.671956148828902831e-03 -5.391789614336318648e-01 1.687830909707292992e-01 -8.821629923219833636e-01 1.896593858923955045e-01
7.327896077043064560e-01 2.312856838497304862e-03 7.250261706942118245e-01 2.669716996466224134e-03 -5.420874882431990782e-01 1.696469497875619792e-01 -8.678116010877402475e-01 1.893020114566706380e-01
7.329387291627744716e-01 2.319179098836549827e-03 7.249819035753818364e-01 2.666081602739141417e-03 -5.284144062767744954e-01 1.704093202093222015e-01 -8.723860346636288510e-01 1.887292806512783638e-01
7.325890787561261108e-01 2.337599745559100668e-03 7.256209692598440952e-01 2.632120932385879387e-03 -5.274117648191769536e-01 1.724776700916772487e-01 -8.543435560095766768e-01 1.852384862868738935e-01
7.315732286546605678e-01 2.333464183043411095e-03 7.265646023101085538e-01 2.654357649607556532e-03 -5.821507101569801668e-01 1.725739287560898727e-01 -8.149908490798364324e-01 1.867022321191960377e-01
7.318184940752774370e-01 2.294130199115091296e-03 7.260119159180565829e-01 2.666415041391823233e-03 -5.496546124305438097e-01 1.672034631386117298e-01 -8.785404256927196176e-01 1.900941475428501171e-01
7.314385145218708084e-01 2.285061723164291594e-03 7.255980723935774312e-01 2.663356771287425390e-03 -5.697595935362275155e-01 1.684374651216501984e-01 -9.260652227903106715e-01 1.874596332753069861e-01
7.302214645938289728e-01 2.288120974665407235e-03 7.275788875351814067e-01 2.644242203158289443e-03 -5.695027860107220175e-01 1.666911205015564335e-01 -8.945316695627997250e-01 1.876897268201195568e-01
7.305383919012772287e-01 2.308853212908683773e-03 7.272144800540079057e-01 2.622964053975914214e-03 -5.761055813566168249e-01 1.729245546584643467e-01 -8.553289202863370022e-01 1.802224740508185374e-01
7.295545495802958635e-01 2.297662846882160981e-03 7.283654619163150157e-01 2.647301317211713835e-03 -5.654176495195917251e-01 1.667635414647440362e-01 -9.047858487977814557e-01 1.882881659500483251e-01
7.296779993185432689e-01 2.245995338666412818e-03 7.286070817980135894e-01 2.738231652644106985e-03 -5.091257023049361452e-01 1.591466591007900111e-01 -9.901874502361800445e-01 1.000000000000000000e+00
7.288895995882762602e-01 2.245956630070864747e-03 7.293648829246157650e-01 2.744550609569851307e-03 -6.270918238735965211e-01 1.566250061912864977e-01 -8.505629140627094520e-01 2.080975680073835210e-01
7.294402039680099037e-01 2.261610775687589083e-03 7.286125125651974344e-01 2.703133007871701913e-03 -6.333653838413664250e-01 1.570161076564970948e-01 -8.483126249394374874e-01 2.066870707748802993e-01
7.278208921569422341e-01 2.314601925808572498e-03 7.317134107807942156e-01 2.631765023798241909e-03 -7.284036814685215244e-01 1.624641796410823957e-01 -6.171581312736920122e-01 1.966163288514351515e-01
7.273399271702508662e-01 2.343732811786744443e-03 7.324218930687939055e-01 2.616803610189352182e-03 -7.542146550586216192e-01 1.648314214319531179e-01 -5.782908536338612349e-01 1.941361828836575265e-01
7.263814145172624581e-01 2.343369802866564558e-03 7.334483348257836433e-01 2.609944868912489595e-03 -8.129851275858751558e-01 1.662572854886471274e-01 -5.088328413666238781e-01 1.915122802273857283e-01
7.269379239834864448e-01 2.454103194536027925e-03 7.322712033688021371e-01 2.490800437268082031e-03 -7.627954206061970943e-01 1.771360055834965141e-01 -5.899686900057611316e-01 1.797818612034088881e-01
7.272084736764775625e-01 2.444426916381769923e-03 7.328254099917026476e-01 2.500702588798186469e-03 -7.299550623931431170e-01 1.719616160360991630e-01 -5.718790736832316535e-01 1.855397978147959037e-01
7.267130399409659214e-01 2.424710682988347361e-03 7.332878016965308499e-01 2.499398502420598946e-03 -7.686772564345374370e-01 1.699652285205254798e-01 -5.287297028844706315e-01 1.860755044367706779e-01
7.255605536922573595e-01 2.342112280919099107e-03 7.346154436595808690e-01 2.571918625685313316e-03 -8.748949729314152712e-01 1.642527259137529227e-01 -4.135756655090847000e-01 1.924221073894568923e-01
7.248157341369160234e-01 2.353949698191185134e-03 7.354122675248381258e-01 2.556952242294121755e-03 -9.608833667048763960e-01 1.667033521598509649e-01 -3.072531854771252124e-01 1.887050504785385552e-01
7.249860244981773949e-01 2.300931383255992897e-03 7.360335952662739878e-01 2.639784827877464553e-03 -9.902988472073174231e-01 1.622124102550194236e-01 -1.722652117042634823e-01 1.965064021778680503e-01
7.237188191559107420e-01 2.268286617804900554e-03 7.372354326758234766e-01 2.672831802068825497e-03 -1.131426573972352134e+00 1.628338873078787608e-01 -2.716993691325375257e-02 1.959268437660013629e-01
7.253746554095201748e-01 2.279747720923026941e-03 7.339224148663462399e-01 2.656026309703318680e-03 -1.016594185791291238e+00 1.621159034016295131e-01 -2.545221278595143910e-01 1.947774059017862713e-01
7.250565693283282931e-01 2.235337768793458149e-03 7.352141140017378618e-01 2.722251647318631607e-03 -1.031982884247105936e+00 1.608763300527447371e-01 -1.849982691163494508e-01 1.985492673010897657e-01
7.262488434654511549e-01 2.258254184929646153e-03 7.331629400963866061e-01 2.683230331503519504e-03 -9.869446164065213134e-01 1.627968420424348306e-01 -3.124900575499647837e-01 1.925794960783860921e-01
7.266811083530066995e-01 2.340548672553906251e-03 7.316843256215784796e-01 2.567663876488090850e-03 -9.880274173550503969e-01 1.743057256603824656e-01 -4.475964778228883612e-01 1.778756917459216047e-01
7.282503178794358378e-01 2.327522372119560264e-03 7.297683512977012343e-01 2.604375194681300514e-03 -7.869200091522491336e-01 1.726357233755671239e-01 -6.654818152383183971e-01 1.828030079566800303e-01
7.297021129853206167e-01 2.305130734897596189e-03 7.275483758419392100e-01 2.671003189214606575e-03 -6.938722396979540852e-01 1.688002173032435715e-01 -8.242481672294885708e-01 1.903811899414933895e-01
7.312063975846090358e-01 2.300738501445987252e-03 7.260941038204994369e-01 2.683426981786249561e-03 -6.241620342485304507e-01 1.686667248131264452e-01 -8.771518853795247095e-01 1.905250333484740377e-01
7.322007541781192508e-01 2.290899262222878281e-03 7.251889176291296257e-01 2.687996507886480924e-03 -5.591720599762319832e-01 1.680546751085763846e-01 -9.098376070968935414e-01 1.906909474380865943e-01
7.326101290833965107e-01 2.311094478086080355e-03 7.251369497141160192e-01 2.670933001818193066e-03 -5.506909019271019057e-01 1.695846875189846170e-01 -8.673322320792923312e-01 1.893745747244817978e-01
7.327896077043064560e-01 2.312856838497304862e-03 7.250261706942118245e-01 2.669716996466224134e-03 -5.420874882431990782e-01 1.696469497875619792e-01 -8.678116010877402475e-01 1.893020114566706380e-01
7.327896077043064560e-01 2.312856838497304862e-03 7.250261706942118245e-01 2.669716996466224134e-03 -5.420874882431990782e-01 1.696469497875619792e-01 -8.678116010877402475e-01 1.893020114566706380e-01
7.327548593492976270e-01 2.331672354800856141e-03 7.255738747920948972e-01 2.647945205080802240e-03 -5.400395735186859225e-01 1.709262335212906603e-01 -8.421851622226821377e-01 1.878443126352649928e-01
7.322775720831555812e-01 2.352717386461499350e-03 7.263665009379363102e-01 2.624624744963373855e-03 -5.558443331250173536e-01 1.726509746371631959e-01 -8.074322133876142837e-01 1.858205408753063337e-01
7.322436107416065987e-01 2.327437060403000219e-03 7.259399006031279633e-01 2.632390727022555083e-03 -5.292235611130807760e-01 1.694585816600433226e-01 -8.761256023390866510e-01 1.880899821649633930e-01
7.327863131177015932e-01 2.293710666758654385e-03 7.244489480886378008e-01 2.654420966881640073e-03 -4.608560742731460658e-01 1.688948908848403041e-01 -1.009403078164252010e+00 1.876962999198246163e-01
7.318395681440438283e-01 2.354324953636853165e-03 7.260871453524786467e-01 2.553019407684660024e-03 -5.095041436305518534e-01 1.745147090713916604e-01 -9.212491289700469599e-01 1.785248574459709636e-01
7.306577350714743568e-01 2.317480236120983243e-03 7.275733961581973830e-01 2.598950572177407062e-03 -5.459261161625253989e-01 1.717068177333024859e-01 -8.563330137229735461e-01 1.811568527172452980e-01
7.311322638665804785e-01 2.332835796378126322e-03 7.271846105436540197e-01 2.586210340387540881e-03 -4.984131895879287955e-01 1.716909626769007879e-01 -9.106833250358384868e-01 1.812943349037553498e-01
7.297236681850278739e-01 2.301829317113275337e-03 7.283882897696604131e-01 2.646175396222973011e-03 -5.054108993918703385e-01 1.677154377134867369e-01 -9.622880396350275145e-01 1.872126449957076944e-01
7.300542017267493966e-01 2.254818398101785058e-03 7.276240283616449700e-01 2.718235994626495150e-03 -4.733314163654870899e-01 1.595736222690126160e-01 -1.094432682501378151e+00 2.051250409914504858e-01
7.296000792490532350e-01 2.274048282480508904e-03 7.284040741527335605e-01 2.683953318117681276e-03 -6.017518305316326144e-01 1.578357008249817173e-01 -8.949955214518122704e-01 2.048517405898792887e-01
7.289365148604750599e-01 2.347213289320479804e-03 7.294534078331259552e-01 2.570759444470488778e-03 -6.727455810373929035e-01 1.658136003902475064e-01 -7.477152784328296997e-01 1.901684439672587379e-01
7.276625567297561048e-01 2.428320492511551378e-03 7.319799656584963232e-01 2.526086131555283464e-03 -7.063305908098845842e-01 1.734988866367958016e-01 -6.321228177317029795e-01 1.838850505141054470e-01
7.275072576828770510e-01 2.453735257010789244e-03 7.315246264565103962e-01 2.500989138147390999e-03 -7.413835891611396667e-01 1.761086333050119190e-01 -6.452491675494280710e-01 1.815728413134221619e-01
7.261907569351602199e-01 2.446902409781041062e-03 7.329397528091492475e-01 2.499905551004015600e-03 -8.219730421991103819e-01 1.762076924425316216e-01 -5.432509286549735972e-01 1.809360390673400154e-01
7.272522652180466451e-01 2.494157295854879976e-03 7.318366445312963764e-01 2.452208099292343003e-03 -7.361320074563196814e-01 1.794560624179804553e-01 -6.200610056535357240e-01 1.776055674068686141e-01
7.272197862638959398e-01 2.507669594762581763e-03 7.322259932667675164e-01 2.438673128960049813e-03 -7.474386887510331423e-01 1.799803517095712180e-01 -5.957320026386861977e-01 1.765791930299611678e-01
7.272028983957414816e-01 2.509857704630823628e-03 7.325347162360702491e-01 2.435030049331756048e-03 -7.072515015607280242e-01 1.750427089128315794e-01 -5.995537874797044475e-01 1.821082774369746360e-01
7.266448198711198403e-01 2.449502811310043989e-03 7.335243965583376768e-01 2.480397265628723948e-03 -7.908063286582461826e-01 1.726623397440885943e-01 -4.971511664253204232e-01 1.828612153115779793e-01
7.256978664794377920e-01 2.410231629813518704e-03 7.349567715918878807e-01 2.524961772033321433e-03 -8.323299099675898205e-01 1.705397120007035860e-01 -4.133405298048840604e-01 1.862464368269101667e-01
7.249014061405650855e-01 2.364489432608906164e-03 7.353307091759618830e-01 2.539800326841300162e-03 -9.595898130495146283e-01 1.666784698143066734e-01 -2.974057319513452313e-01 1.882125051305640340e-01
7.237593838649961642e-01 2.302793189665796551e-03 7.369846349200759317e-01 2.608131865713071620e-03 -1.092889008748852309e+00 1.622805925356587131e-01 -4.438973389909019185e-02 1.965231775322942576e-01
7.253118828428348763e-01 2.283068628664303417e-03 7.341756985335148311e-01 2.644330234350077396e-03 -1.029414317483910768e+00 1.628893996876592254e-01 -2.301244677290489038e-01 1.961427944816381830e-01
7.260421319255201400e-01 2.283112685367079397e-03 7.329523270270794644e-01 2.633522127632567395e-03 -9.852057468010858576e-01 1.613076520083000231e-01 -2.962934069836784534e-01 1.953530937719684946e-01
7.263229557222959931e-01 2.269891591410751110e-03 7.331569235269694840e-01 2.659372650471579069e-03 -9.977278100142763506e-01 1.629114914483744958e-01 -2.896100505662982383e-01 1.921478737586892471e-01
7.261137985665730987e-01 2.307524896865352851e-03 7.328508408608107594e-01 2.605137491354000880e-03 -1.033319989473542533e+00 1.724610693768317826e-01 -3.510747251517992717e-01 1.816631020966470167e-01
7.281538039400590190e-01 2.371210495992587611e-03 7.299091893456504110e-01 2.524530549983272990e-03 -8.103572002953167708e-01 1.786048428924429943e-01 -6.523909355645304275e-01 1.744101171099089742e-01
7.297418591042901248e-01 2.341161981626489752e-03 7.277883587995290782e-01 2.591869987675206061e-03 -7.017245702928445183e-01 1.725361272196387630e-01 -7.874326171909066252e-01 1.833789558014952414e-01
7.312459063413199178e-01 2.356314677364267952e-03 7.257446059721383014e-01 2.582765029238615322e-03 -6.107633398851285422e-01 1.720265721249990831e-01 -9.081195590039887744e-01 1.853227476883360092e-01
7.313975783263589880e-01 2.309046284068189906e-03 7.258959434111208475e-01 2.669122281603299607e-03 -6.107650048696183775e-01 1.689473280720186765e-01 -8.846052134272576195e-01 1.900826278284673265e-01
7.328004079705739970e-01 2.304421023878459179e-03 7.247664870695731398e-01 2.681449810648877698e-03 -5.327972086202280577e-01 1.695269195339327850e-01 -9.048941061645388029e-01 1.895280723935056644e-01
7.327896077043064560e-01 2.312856838497304862e-03 7.250261706942118245e-01 2.669716996466224134e-03 -5.420874882431990782e-01 1.696469497875619792e-01 -8.678116010877402475e-01 1.893020114566706380e-01
7.327896077043064560e-01 2.312856838497304862e-03 7.250261706942118245e-01 2.669716996466224134e-03 -5.420874882431990782e-01 1.696469497875619792e-01 -8.678116010877402475e-01 1.893020114566706380e-01
7.323154963877679391e-01 2.319111617032296353e-03 7.258265232031362313e-01 2.657490188531302748e-03 -5.688883774659980741e-01 1.700047788442670404e-01 -8.248237368372117739e-01 1.885455396460233857e-01
7.328068393817562809e-01 2.332151647077095220e-03 7.256806531748112299e-01 2.639214994657725511e-03 -5.414372680824547368e-01 1.713740064250317552e-01 -8.202059202540590288e-01 1.865237445966704266e-01
7.324450195399686558e-01 2.347967765384610574e-03 7.261708123203592935e-01 2.632546164308084431e-03 -5.469046449908246954e-01 1.723831247407426326e-01 -8.167119869401825438e-01 1.862230962068754103e-01
7.324329725207662234e-01 2.308825562701335207e-03 7.256431219251231468e-01 2.650321864874188079e-03 -5.063404135289762964e-01 1.675534961509360099e-01 -9.085438650576048714e-01 1.897387171751301616e-01
7.326779760201695968e-01 2.354301957410314273e-03 7.249901975463449721e-01 2.568226262098820354e-03 -4.598650457086013721e-01 1.760777240103145458e-01 -9.783528263485334886e-01 1.794441846206659419e-01
7.323408082450614254e-01 2.349206052533814055e-03 7.260617712615135000e-01 2.555967296472058409e-03 -4.601308493789102450e-01 1.747073134514668113e-01 -9.321405380285645581e-01 1.782695095384945194e-01
7.310606597444430088e-01 2.347419967222006375e-03 7.274162972130985283e-01 2.558677162768550027e-03 -5.416462709509256568e-01 1.740557548692298617e-01 -8.473828918101998786e-01 1.784870232423691194e-01
7.292752705723780648e-01 2.336195675771539099e-03 7.291020319362926383e-01 2.579283269071729230e-03 -5.800210836492188937e-01 1.690408052108162695e-01 -8.616432268905630520e-01 1.846366928916019223e-01
7.297984858963258992e-01 2.270259224479843300e-03 7.280185102060076074e-01 2.685034811078482794e-03 -4.909894984493558545e-01 1.603326838379271757e-01 -1.051269790300653595e+00 2.004866616240175980e-01
7.300975706980434854e-01 2.289400019975257154e-03 7.273853957324432074e-01 2.627662014872099005e-03 -5.691703478353513646e-01 1.585157844407987793e-01 -9.639700820844187001e-01 2.002532783018585449e-01
7.298615972993008905e-01 2.385102308951730574e-03 7.282934816760242569e-01 2.542833994608783774e-03 -5.952253898638029117e-01 1.662216105722307824e-01 -8.710692856009892848e-01 1.911401791690618968e-01
7.268684286123435756e-01 2.442703455112053140e-03 7.319241179411136722e-01 2.489601552818429629e-03 -7.536831229750233785e-01 1.719802710216801200e-01 -6.405855996232523442e-01 1.839527329633694197e-01
7.277217340976637194e-01 2.450816903911745559e-03 7.315169657651119373e-01 2.501278035679659322e-03 -7.076165262815933277e-01 1.743705994312705065e-01 -6.676332998876557401e-01 1.826859177614492402e-01
7.261727806059832258e-01 2.436393127111073642e-03 7.329023317555929395e-01 2.504256640298161991e-03 -8.216014415086629885e-01 1.750766483964763809e-01 -5.564481565090600990e-01 1.815416221397820051e-01
7.272518280194333329e-01 2.518344053431946852e-03 7.318800565291424531e-01 2.415309960653626992e-03 -7.340414863327707762e-01 1.796506597197018162e-01 -6.228187849116463282e-01 1.763834761356596892e-01
7.265672304552143190e-01 2.558075486531125649e-03 7.326428197595376002e-01 2.393372451686547487e-03 -7.779644907681629862e-01 1.831067377265580276e-01 -5.618459113958083062e-01 1.741343073145723841e-01
7.264987802556439611e-01 2.545061995819101596e-03 7.330206203949879429e-01 2.403517882646441159e-03 -7.827618033025520727e-01 1.791097656709464137e-01 -5.254374491016416959e-01 1.772163257698009253e-01
7.260041705498899711e-01 2.462638331161786428e-03 7.342426713094615254e-01 2.467711618897727808e-03 -8.260036397959533705e-01 1.739722754485508449e-01 -4.411780995674299821e-01 1.810017816076127939e-01
7.256642433433035944e-01 2.408429718068258625e-03 7.347418277106222417e-01 2.518851232790361976e-03 -8.459359423544596801e-01 1.698812739575810415e-01 -4.112051545686213894e-01 1.867504685947773968e-01
7.244349592073672239e-01 2.347106191656872943e-03 7.357980885148014405e-01 2.558369930347836971e-03 -1.030304305060220971e+00 1.659271372516001042e-01 -1.786165503344867567e-01 1.911609230721185992e-01
7.244167804090780871e-01 2.285432191449982605e-03 7.360302356708171567e-01 2.631624365525964907e-03 -1.060333063288439348e+00 1.621546804413976084e-01 -1.288165585223497445e-01 1.969291978205189864e-01
7.266159629758485172e-01 2.334448635493389500e-03 7.323659645691348308e-01 2.565286042397868158e-03 -9.529807206772790140e-01 1.645287980521978888e-01 -3.519931061122378302e-01 1.896967681230082026e-01
7.266444634258039104e-01 2.302972259481589345e-03 7.322076064209852575e-01 2.606579676681143338e-03 -9.186594375873734508e-01 1.644633296509745435e-01 -4.298454548687027366e-01 1.892224278485522271e-01
7.262582163700149751e-01 2.293008860360806062e-03 7.329706244536877691e-01 2.620565238260871583e-03 -1.011105062080571715e+00 1.642122780858767672e-01 -2.954896456755113365e-01 1.902774977063914075e-01
7.258163013069474090e-01 2.348886437915650473e-03 7.327208245799770037e-01 2.558641515008177984e-03 -1.090725048320652979e+00 1.776099663682247087e-01 -3.459284268898229486e-01 1.766735131037346640e-01
7.286946678091185126e-01 2.356368951053621884e-03 7.292283728167652246e-01 2.565380097646788142e-03 -7.871112982209061970e-01 1.764903421243979864e-01 -6.829051344773224841e-01 1.783562804513338373e-01
7.314010399641378557e-01 2.374526274529554538e-03 7.257517519616849544e-01 2.571570071823433504e-03 -6.134648649155667322e-01 1.753143273697998494e-01 -8.821358656591649083e-01 1.818782525585458665e-01
7.313709746087674324e-01 2.357121932203489964e-03 7.261751843691778285e-01 2.581141798632554524e-03 -6.094701374076741951e-01 1.719234145407883552e-01 -8.763016014341256099e-01 1.852181755623613368e-01
7.317810804249733625e-01 2.306418086576100205e-03 7.257431883772109682e-01 2.678671339130658108e-03 -5.800747322797913386e-01 1.691147970390998734e-01 -8.905022013011143489e-01 1.901685688966188448e-01
7.323658262619926473e-01 2.310895639170237447e-03 7.253952794723077524e-01 2.670820512517111615e-03 -5.454076172307610326e-01 1.697520839453152131e-01 -8.764193250540336377e-01 1.892811632750213136e-01
7.327885243902413359e-01 2.312309636953264677e-03 7.250274129652207744e-01 2.669620246397251713e-03 -5.420921230650779243e-01 1.696553014059086484e-01 -8.658114665203217042e-01 1.893097054174933402e-01
7.327896077043064560e-01 2.312856838497304862e-03 7.250261706942118245e-01 2.669716996466224134e-03 -5.420874882431990782e-01 1.696469497875619792e-01 -8.678116010877402475e-01 1.893020114566706380e-01
7.327137728690557017e-01 2.333791003210586301e-03 7.256361193253741959e-01 2.646204900210057630e-03 -5.398913613077711560e-01 1.710054685393169460e-01 -8.429273821162864833e-01 1.877927762553879276e-01
7.332849326542760782e-01 2.361253846283064683e-03 7.254105430227848483e-01 2.605191943492264541e-03 -5.189541849228007653e-01 1.723625700813497252e-01 -8.439561131713272379e-01 1.854938926311079095e-01
7.321132440124706875e-01 2.337481502199262838e-03 7.265833446986078581e-01 2.615310805382309485e-03 -5.338289719708956271e-01 1.693628986883188303e-01 -8.434239119915657446e-01 1.875030884931362107e-01
7.334328919092979460e-01 2.359545560575119095e-03 7.246686002540595473e-01 2.577428009144823885e-03 -4.106587504162714786e-01 1.757580558164769657e-01 -9.756530795405309320e-01 1.793485639649432528e-01
7.337644695189095012e-01 2.377063264405978454e-03 7.243574202109636095e-01 2.527894377519112040e-03 -3.498336895396299551e-01 1.772415749223549275e-01 -1.031829044581980881e+00 1.774184821896157283e-01
7.315372185617438072e-01 2.374640580709459162e-03 7.270034629193078413e-01 2.519367718341559200e-03 -5.110327400741371262e-01 1.751622182865819333e-01 -8.712271792036511142e-01 1.771348207278883591e-01
7.313381562902190325e-01 2.372288644280754789e-03 7.269347055222711296e-01 2.516352387240608415e-03 -4.724085759368815141e-01 1.732177790051914745e-01 -9.387299799539217116e-01 1.776781244263162529e-01
7.300016896181269477e-01 2.335255629130863347e-03 7.282655563624366168e-01 2.572017311707042782e-03 -4.908634789363100492e-01 1.682535025278007745e-01 -9.651156073231483834e-01 1.843841784796161620e-01
7.313824344439717740e-01 2.327930827294214661e-03 7.260328322306608406e-01 2.575956219285324179e-03 -4.135087834922310246e-01 1.612645409911390715e-01 -1.145443874207237256e+00 1.962264635084662590e-01
7.298490306110284598e-01 2.405731198431999927e-03 7.281496227368237095e-01 2.518012013908667648e-03 -5.579266025596291145e-01 1.671629331635001159e-01 -9.284314936759389125e-01 1.893801944067932397e-01
7.277518383091375886e-01 2.426388105935769514e-03 7.307129751992065270e-01 2.495354917015037231e-03 -7.005688725804498640e-01 1.715700551229594473e-01 -7.214573684805140052e-01 1.839874720830719512e-01
7.278301666566385775e-01 2.458618162109484345e-03 7.310982863800077336e-01 2.481064767904204472e-03 -7.129137123406824594e-01 1.744220850659953248e-01 -6.756405085634042962e-01 1.822926125748560722e-01
7.264299629024614235e-01 2.462320995174065164e-03 7.320196195565905617e-01 2.470695450539294857e-03 -8.077347005892469012e-01 1.762420002160725585e-01 -6.125251918379942540e-01 1.805693101842157644e-01
7.273687889940123608e-01 2.479166570596036661e-03 7.314552119547218512e-01 2.462219954698419144e-03 -7.365166562698113317e-01 1.776502630803955263e-01 -6.484415923354616140e-01 1.792154611527897456e-01
7.265065342516402458e-01 2.546223242853693121e-03 7.316158693855464579e-01 2.400609120457007379e-03 -8.045926605121090924e-01 1.818889653724659883e-01 -6.256036133619773398e-01 1.754637392167490706e-01
7.265188097065159445e-01 2.570297422235582902e-03 7.323393617329141403e-01 2.375265836123862957e-03 -7.748521645329826679e-01 1.830926218401483230e-01 -5.874590188263618673e-01 1.737570289193814399e-01
7.266892954955436190e-01 2.567152869193770406e-03 7.326786080268324897e-01 2.388469505834877292e-03 -7.528086474597963651e-01 1.821255814423638764e-01 -5.656515362665729407e-01 1.750977259875929892e-01
7.259877722942340572e-01 2.537111938248039038e-03 7.336013374156727940e-01 2.403191836896842026e-03 -8.168329036666738263e-01 1.789436625387939572e-01 -4.832696394356117420e-01 1.771330338082416356e-01
7.258040729428751892e-01 2.488763661122369696e-03 7.339853184086675419e-01 2.436031023321461909e-03 -8.239931681664740548e-01 1.761796159470343792e-01 -4.697400988610777040e-01 1.786380376788563318e-01
7.259193450521790325e-01 2.426253995094685215e-03 7.341828083015186079e-01 2.481862929823135631e-03 -8.674953416967061681e-01 1.708701579003443216e-01 -4.045213051603650523e-01 1.828434217568608022e-01
7.245509906873361938e-01 2.383006362716817966e-03 7.357312650025989997e-01 2.508842439388350200e-03 -9.855438301320575967e-01 1.663741054674382769e-01 -2.396105078430133539e-01 1.871934871971627501e-01
7.246344606642461939e-01 2.323473586730906426e-03 7.350723552694646834e-01 2.568701147606936280e-03 -1.069261031491231861e+00 1.650988725435625082e-01 -1.718538579110012177e-01 1.910378313965384045e-01
7.274959074961935279e-01 2.327690355686910795e-03 7.312032641480280537e-01 2.584585837250141099e-03 -9.026141435154683146e-01 1.646036956006397267e-01 -4.248918156188911666e-01 1.912767489543223398e-01
7.264761375149711986e-01 2.299398791938926136e-03 7.324947560737371521e-01 2.621569108414176317e-03 -9.978723054653702018e-01 1.651855248445949775e-01 -3.318538446746835402e-01 1.890632861553939448e-01
7.252746445704240097e-01 2.352636505245857702e-03 7.334758234769470642e-01 2.543659014773504666e-03 -1.117582386468320310e+00 1.754624601079340929e-01 -2.873255970213524080e-01 1.784681587471649011e-01
7.279291469067287190e-01 2.355951988756265023e-03 7.300442452856463760e-01 2.548642318316477612e-03 -8.471901168234912127e-01 1.770802241070112415e-01 -6.214443561720157660e-01 1.764092458682757769e-01
7.290313284049810827e-01 2.373332256173941134e-03 7.286497374162185237e-01 2.567688227395650315e-03 -7.574697938087432414e-01 1.753493383973123987e-01 -7.296395201639499506e-01 1.811366027241058108e-01
7.313907833320428820e-01 2.387464062320292756e-03 7.255588717833231227e-01 2.542478100771962315e-03 -6.058868264728447528e-01 1.748361559150446720e-01 -9.077882794484584128e-01 1.818514487500128840e-01
7.313031729927811364e-01 2.351607139898052260e-03 7.264040608611543881e-01 2.592419428833866741e-03 -6.235668604508549651e-01 1.719303287684837145e-01 -8.456802943227834657e-01 1.852298413349345585e-01
7.317750103431661657e-01 2.317545072085167978e-03 7.257040202460699474e-01 2.659494181221219982e-03 -5.800637460725470707e-01 1.698117746449326615e-01 -8.906536830451635689e-01 1.891384661692671609e-01
7.324571780182758118e-01 2.315013824738195586e-03 7.253118018050499494e-01 2.667976581802330993e-03 -5.503946594529384173e-01 1.698636931487224055e-01 -8.687003228279838174e-01 1.892130664585445488e-01
7.327178304132681008e-01 2.311046924488522388e-03 7.250283729412521083e-01 2.669676192281165115e-03 -5.432909476625398248e-01 1.696576234585580878e-01 -8.668542624768283966e-01 1.893391925428857536e-01
7.325995824167509385e-01 2.324360096865842312e-03 7.256355832634466818e-01 2.651451966613458961e-03 -5.529115627968017588e-01 1.701793489427607109e-01 -8.364217083464634550e-01 1.883985621786504749e-01
7.332220733020727854e-01 2.351277146363219429e-03 7.256162712462101982e-01 2.629840838117416223e-03 -5.079127932461793282e-01 1.723880268259533888e-01 -8.362140713387372637e-01 1.861140779703669146e-01
7.329584936342239398e-01 2.339439138163877489e-03 7.258719821231959246e-01 2.613747859112086191e-03 -5.070554963543363325e-01 1.692678406082760989e-01 -8.564347189385249637e-01 1.873275808292007849e-01
7.327506884226036021e-01 2.354507364952308432e-03 7.260099069863721333e-01 2.580478300955394485e-03 -4.873805595273848490e-01 1.738229841175573109e-01 -8.601990621656769864e-01 1.814043056551645772e-01
7.340444155253968983e-01 2.400173883293995909e-03 7.247248878256596916e-01 2.522057117665169133e-03 -3.790197062834107511e-01 1.795911659421280115e-01 -9.614929255365445293e-01 1.750925109330048468e-01
7.329352852171003851e-01 2.393093351287396090e-03 7.256390715363957300e-01 2.499946289586961468e-03 -4.106324899225655134e-01 1.775299009138214534e-01 -9.584889953890560754e-01 1.745691971511325602e-01
7.317488205920947841e-01 2.406532765785235426e-03 7.265303482932109480e-01 2.476152404679881746e-03 -4.571813369596580134e-01 1.733447085569292667e-01 -9.500743608051637201e-01 1.761671187447365894e-01
7.294420574475617425e-01 2.377144456330788566e-03 7.289072304068958674e-01 2.502015551977105311e-03 -5.597649824254109507e-01 1.727984354718807014e-01 -8.572191400920901039e-01 1.783179042339455289e-01
7.312775072678828758e-01 2.364629308258601407e-03 7.260765363650015791e-01 2.524425523227936952e-03 -3.723431016143325389e-01 1.664561702453203618e-01 -1.183916012354056191e+00 1.889706652100371365e-01
7.298407175100444233e-01 2.403628841349109407e-03 7.279906732359054944e-01 2.515487659510062726e-03 -5.459072418827681794e-01 1.664099131591996461e-01 -9.517655619978935277e-01 1.897925941015042861e-01
7.279458834773155917e-01 2.437235140858915079e-03 7.298125886830960640e-01 2.490240519555968462e-03 -7.176045635567646075e-01 1.695426488721406555e-01 -7.629368368712580173e-01 1.875057947078439258e-01
7.268553705864613246e-01 2.478973799794293928e-03 7.310029200845189479e-01 2.468176280057894720e-03 -7.673020448229033175e-01 1.753125137025941804e-01 -6.874721164906174575e-01 1.820736265538455967e-01
7.251300789985493100e-01 2.471736812748889008e-03 7.323487778731525566e-01 2.464049249201223299e-03 -8.835478854378951974e-01 1.770066157346707192e-01 -5.928777770738021813e-01 1.802886055322006353e-01
7.259095523340005629e-01 2.471556210900527264e-03 7.321330292743648549e-01 2.466926521620107279e-03 -8.423580860334188847e-01 1.765897269385615087e-01 -5.932295415016284323e-01 1.806909916093010771e-01
7.253965851672735665e-01 2.589333794713640034e-03 7.324177208998476907e-01 2.364860131433099959e-03 -8.518748810985217190e-01 1.843588071882949764e-01 -5.864511973866819439e-01 1.734166433026545773e-01
7.265000685071318909e-01 2.611296948207243122e-03 7.318177525377363990e-01 2.349961119895215087e-03 -7.969290667005388684e-01 1.853629965923643264e-01 -5.977648575535640108e-01 1.727136952636078304e-01
7.261145963291711913e-01 2.591037056526869584e-03 7.327094654549545227e-01 2.370595193737415514e-03 -7.871735450442449711e-01 1.837278703756473341e-01 -5.631438104303613246e-01 1.741022187505795460e-01
7.265127871728700448e-01 2.531948935572150578e-03 7.334723126234625745e-01 2.412554143111609282e-03 -7.680461294733392785e-01 1.788666360839421821e-01 -5.076474200522511637e-01 1.776060924940828512e-01
7.259531681943163228e-01 2.498096332506215267e-03 7.338224835553649461e-01 2.425301399377912618e-03 -8.409614710729595988e-01 1.782012386159104456e-01 -4.633671361527532673e-01 1.755542313045480307e-01
7.250859817511879912e-01 2.465186422792933329e-03 7.350351129115562099e-01 2.445819436004193371e-03 -9.871536490039897194e-01 1.744762233503125981e-01 -2.758180656231021821e-01 1.788349623992311066e-01
7.248564629514759883e-01 2.404484156880790178e-03 7.348243556731406390e-01 2.479678186041539296e-03 -1.043512133000533915e+00 1.695151204102230691e-01 -2.157969799196896299e-01 1.844598438297284648e-01
7.250961752984871334e-01 2.354007420111381855e-03 7.336188936500038782e-01 2.532796955725183808e-03 -1.052003198313374188e+00 1.675123692275121978e-01 -2.720437895547452856e-01 1.879355584522622857e-01
7.287894346733946316e-01 2.351216689609065755e-03 7.292281520577662546e-01 2.532858873995999516e-03 -8.311125001934164258e-01 1.681310380758840872e-01 -5.704789933697597126e-01 1.845781230419840102e-01
7.267009937995014823e-01 2.319721439299386647e-03 7.322247846313965081e-01 2.587491485885831059e-03 -9.949740136700779836e-01 1.667173175173410904e-01 -3.380884143503664063e-01 1.865254645251278043e-01
7.251258354927180294e-01 2.364837200954575738e-03 7.332101413383266264e-01 2.538504988598751060e-03 -1.133399142765314949e+00 1.781956434867066064e-01 -3.315379703390274324e-01 1.768240416080919253e-01
7.284179972748441312e-01 2.379474975333286703e-03 7.294611550083635043e-01 2.539518170665860074e-03 -8.230168412609542017e-01 1.779187639910200236e-01 -6.572134065366810329e-01 1.770067248192642717e-01
7.306534529801648192e-01 2.414679481581173248e-03 7.269136148429572453e-01 2.524436437520322183e-03 -6.638420231091837209e-01 1.772935674856379040e-01 -8.128548033409866980e-01 1.795372835729353023e-01
7.320258181210796966e-01 2.402301966888205700e-03 7.255220343039163744e-01 2.530771817548142268e-03 -5.734755800335702425e-01 1.752210352358873346e-01 -9.093688499469965159e-01 1.817827268681338759e-01
7.310800612897132567e-01 2.335484560240326003e-03 7.266628936326195998e-01 2.617150872249117063e-03 -6.416760034359415554e-01 1.712987625402517256e-01 -8.217272802107762342e-01 1.861768377965014598e-01
7.320236495066081428e-01 2.318436660642159142e-03 7.255286610382306600e-01 2.660287611085308552e-03 -5.733705518021922076e-01 1.697468265893998240e-01 -8.754573444577397057e-01 1.892704054174026707e-01
7.327343180510030862e-01 2.310016399784559429e-03 7.249751675335124323e-01 2.667312777969034487e-03 -5.359479254829607742e-01 1.696273277109271449e-01 -8.756068364458912123e-01 1.892242538670775576e-01
7.327178304132681008e-01 2.311046924488522388e-03 7.250283729412521083e-01 2.669676192281165115e-03 -5.432909476625398248e-01 1.696576234585580878e-01 -8.668542624768283966e-01 1.893391925428857536e-01
7.326896840247165699e-01 2.346054870771007578e-03 7.259226962433245056e-01 2.632145031818424862e-03 -5.504337995239281245e-01 1.717506687400657539e-01 -8.162243385584420086e-01 1.865995005426465403e-01
7.332248599488823126e-01 2.341765680295819236e-03 7.254638957087791162e-01 2.621785862942105534e-03 -5.095649930936250183e-01 1.688063982126558893e-01 -8.604011625351839498e-01 1.887609593407768294e-01
7.332542962829440292e-01 2.358962618834368336e-03 7.254664580262074614e-01 2.576428759708718208e-03 -4.732017165374314271e-01 1.736977532260900181e-01 -8.891681351398190714e-01 1.823451202509072111e-01
7.337330246914263165e-01 2.393006327613821094e-03 7.252171576175017176e-01 2.538639325158732925e-03 -3.802488220207433933e-01 1.755868865134308510e-01 -9.634575119373257612e-01 1.787847067083238040e-01
7.349950036868619918e-01 2.384892618508789325e-03 7.228951480113762207e-01 2.507370696289226014e-03 -2.302715877709816950e-01 1.763949766324026669e-01 -1.163962067777984943e+00 1.774536461512644381e-01
7.316089184224765507e-01 2.420272645331218372e-03 7.271442724978661731e-01 2.456774862157521267e-03 -4.919572474559466557e-01 1.768287863053831233e-01 -8.925317817749186533e-01 1.742007891824338683e-01
7.295472721621889534e-01 2.392441382876029417e-03 7.286114619150427796e-01 2.487243206799453089e-03 -5.844431269384622318e-01 1.752280951717574142e-01 -8.334102866266405174e-01 1.761448785643460468e-01
7.310796942678107202e-01 2.415764394728629055e-03 7.267367686509823566e-01 2.462991449404141383e-03 -3.861063887136600981e-01 1.777764708770122326e-01 -1.040543752523593435e+00 1.758062659480088274e-01
7.315305861618920380e-01 2.463922943820551128e-03 7.258209405800285507e-01 2.456670701481062247e-03 -3.686037624536780410e-01 1.707685644658166468e-01 -1.190226377991524531e+00 1.871670111286386495e-01
7.288999359304414449e-01 2.451855691165025566e-03 7.287235043148834190e-01 2.471051569653517650e-03 -6.495650978414373444e-01 1.705402202148022239e-01 -8.441944791087319100e-01 1.856627578327097183e-01
7.277352323159317349e-01 2.470868643713560516e-03 7.299948303592125320e-01 2.466975215410612248e-03 -7.208270390889228718e-01 1.750757205686093998e-01 -7.497301855434282958e-01 1.819348031844056357e-01
7.259546756062047468e-01 2.464474050665988250e-03 7.318635666106928506e-01 2.469408959083130382e-03 -8.514971593824050000e-01 1.750669833612379933e-01 -6.016043771341158530e-01 1.819319521485656121e-01
7.257386419080588125e-01 2.488538244354682964e-03 7.317607414426505752e-01 2.448237876484665038e-03 -8.527842341138481830e-01 1.778007767347420942e-01 -6.249846541186774296e-01 1.796515666735864214e-01
7.263609155931132211e-01 2.547165816920845312e-03 7.312678719188954179e-01 2.394440197716789405e-03 -8.227019103510067044e-01 1.820162885200597436e-01 -6.473946348415060559e-01 1.751823617453640569e-01
7.269052132891720142e-01 2.591075283752609926e-03 7.313239460385224655e-01 2.361102967745538992e-03 -7.578779765501795218e-01 1.839744172949234480e-01 -6.562365314644811320e-01 1.735417875036731616e-01
7.254046727798972860e-01 2.669647405677473637e-03 7.323856071905695542e-01 2.312038173467039111e-03 -8.553448136797914270e-01 1.895363663827987211e-01 -5.596750368106344631e-01 1.695528673644862427e-01
7.254875090635826140e-01 2.645147761178544277e-03 7.328451177198626043e-01 2.333123950647573563e-03 -8.542329789176444921e-01 1.882126850454771960e-01 -5.220181903320428862e-01 1.706662923001386889e-01
7.255206457418367227e-01 2.606693472802064197e-03 7.332137571433732237e-01 2.341693136549429476e-03 -8.652578667356884967e-01 1.876095652221992371e-01 -5.016921261319303715e-01 1.690881035217803585e-01
7.249046214048799897e-01 2.559424646474349994e-03 7.343313584932165128e-01 2.383820222344576814e-03 -8.844545057860073722e-01 1.824286599628499594e-01 -4.348869256041402176e-01 1.738593756003840030e-01
7.258218610781090874e-01 2.505938369296471964e-03 7.336466860225461240e-01 2.410384385993365967e-03 -8.578204145175326589e-01 1.782876972635109580e-01 -4.694382785703964389e-01 1.757112388857997032e-01
7.251047305955967692e-01 2.458074398241443491e-03 7.350909570718249242e-01 2.440948739136269193e-03 -9.623870508397729395e-01 1.721895107675175396e-01 -2.815783491597180221e-01 1.805485699882916351e-01
7.258356527161206051e-01 2.401355377139924741e-03 7.334970299074089484e-01 2.480933923237194430e-03 -9.838751253412193476e-01 1.683431106315671222e-01 -3.099681420614578409e-01 1.842368723617750226e-01
7.272620490866514853e-01 2.386931926007978318e-03 7.309663822952960910e-01 2.490975889278196527e-03 -9.351649099435452861e-01 1.686023495188155308e-01 -4.469320089168750676e-01 1.858034277547427893e-01
7.279201795394940611e-01 2.355521511943293490e-03 7.301109848279792036e-01 2.536690051432152239e-03 -9.530950176056144363e-01 1.689046096742109482e-01 -4.436195516841979769e-01 1.837304347475566257e-01
7.242155360778849138e-01 2.407291186468664065e-03 7.341354769746191167e-01 2.484339113864687549e-03 -1.197465711094076068e+00 1.817695778032049625e-01 -2.688750451095691663e-01 1.725941322669230782e-01
7.283074593334225577e-01 2.440310192258841448e-03 7.294688502031878574e-01 2.461787515407984957e-03 -8.890932227088962359e-01 1.854991124195858598e-01 -6.102354625593864323e-01 1.697522807373661735e-01
7.292949021387432618e-01 2.426072215843335430e-03 7.284218291137022350e-01 2.508744450319843299e-03 -7.801976684614697621e-01 1.789892009361971070e-01 -6.928379547961172058e-01 1.776860598809903713e-01
7.320487885428014208e-01 2.426984180812600655e-03 7.256723876868393930e-01 2.503242959524607045e-03 -5.911716721553038623e-01 1.775403651882039024e-01 -8.645318186160639851e-01 1.784728637926706885e-01
7.318184613388549753e-01 2.399660727290524320e-03 7.257071197313907929e-01 2.540178473164290875e-03 -5.960322448211299307e-01 1.756101853810168867e-01 -8.848618528231574354e-01 1.818134679570903578e-01
7.313612688546313745e-01 2.347835084891914618e-03 7.265830192281856892e-01 2.598873940153429742e-03 -6.208383338659364536e-01 1.717566785848211042e-01 -8.241568776135326235e-01 1.854058202298237978e-01
7.321546466431081424e-01 2.313130304720795085e-03 7.254098251135476794e-01 2.661681243128325141e-03 -5.656873343540913535e-01 1.696771653878381136e-01 -8.754344045520578987e-01 1.892697559094460580e-01
7.327689318124632756e-01 2.309699337177927633e-03 7.249893874896400359e-01 2.667385458581466619e-03 -5.356431325034096691e-01 1.696263485139342386e-01 -8.678080164871875279e-01 1.892728939129771637e-01
7.326582719532729326e-01 2.328908695229533424e-03 7.257220097030019357e-01 2.647430014799567050e-03 -5.489453255148781796e-01 1.703032163454961945e-01 -8.276776797181193412e-01 1.884286874434232817e-01
7.333308201114089320e-01 2.347352584530774510e-03 7.252866087342293433e-01 2.631543440435071303e-03 -5.033523507054652457e-01 1.721073447064686845e-01 -8.495347852386873067e-01 1.862865319449688306e-01
7.332637064903201329e-01 2.385303706159466915e-03 7.259348076058917965e-01 2.556853228063436616e-03 -4.883441527674332594e-01 1.734420084367536696e-01 -8.476911635866273276e-01 1.822957033009777461e-01
7.333861693036342055e-01 2.376181846953877470e-03 7.256709520281342529e-01 2.556980489572644073e-03 -4.749804700761245391e-01 1.761887272503178947e-01 -8.653474330342885157e-01 1.807663772919522183e-01
7.347207888844198287e-01 2.398277326819041322e-03 7.240180259704217525e-01 2.509427310842667416e-03 -3.092848519710328370e-01 1.778130157084453211e-01 -1.042352037581782076e+00 1.769809889807942571e-01
7.336203813901635007e-01 2.407882960045798146e-03 7.249936990900648359e-01 2.470068412925529883e-03 -3.124543249856713834e-01 1.783521847835915219e-01 -1.042405248789264993e+00 1.746360935735982167e-01
7.309000971982391182e-01 2.445452417966072645e-03 7.274080221898620024e-01 2.431617994677462424e-03 -4.865785704770186904e-01 1.799434165597508795e-01 -9.034575371905185781e-01 1.718619983390592965e-01
7.303086822218256557e-01 2.464522372802915081e-03 7.274264092062662224e-01 2.417344114177383783e-03 -4.378445508967749866e-01 1.804702925275348813e-01 -9.928681254407150103e-01 1.720364132753118558e-01
7.316695983934310421e-01 2.449654625628219697e-03 7.261069463210130248e-01 2.446203670124891434e-03 -3.826773786619325768e-01 1.722056794133379476e-01 -1.112973415431600444e+00 1.829931234150558028e-01
7.294430935867866062e-01 2.457733985483219041e-03 7.279385343951750853e-01 2.459881310137529940e-03 -5.846265147517495375e-01 1.695440798492987566e-01 -9.352038197390641905e-01 1.864014273388859555e-01
7.281407751295312369e-01 2.468086610032963792e-03 7.296032657104265517e-01 2.458642478443618957e-03 -7.159987691882417904e-01 1.741726792262002221e-01 -7.580919673691833838e-01 1.819414240976171548e-01
7.260599120583979271e-01 2.458921783907291273e-03 7.316794967898975210e-01 2.476950546904060132e-03 -8.454958655655392397e-01 1.747692175787534663e-01 -6.156941371089540427e-01 1.822169227879593956e-01
7.250832530808538623e-01 2.491393010491258202e-03 7.323427704707127228e-01 2.445422779052130145e-03 -8.857913141172619742e-01 1.779492097412993246e-01 -5.932218278412333401e-01 1.795037279550603659e-01
7.263631506436218910e-01 2.536846902692325122e-03 7.311220701957401591e-01 2.407615525112364284e-03 -8.268577825367964262e-01 1.814973077286134440e-01 -6.521274417908583532e-01 1.762060270278842655e-01
7.256977684765192338e-01 2.668550346457367137e-03 7.320969133399936046e-01 2.313189919721045634e-03 -8.482754062107272786e-01 1.894480093433649759e-01 -5.744407261880745130e-01 1.697038692379664593e-01
7.259291603837426665e-01 2.654358828984167227e-03 7.323938945539270051e-01 2.321557507800962004e-03 -8.208927350252060995e-01 1.885555628514661852e-01 -5.575801219197510372e-01 1.700653363840202992e-01
7.255890932906411406e-01 2.635021770050273958e-03 7.328215536052357093e-01 2.340999543051691147e-03 -8.244391041133157794e-01 1.867884920867394216e-01 -5.454381723474546195e-01 1.715618181869524861e-01
7.254702373894247325e-01 2.567274777549475792e-03 7.336195912168811395e-01 2.374345623348963520e-03 -8.711992587919993314e-01 1.855402045839774916e-01 -4.713312627749053352e-01 1.701201065095070963e-01
7.258822013418515517e-01 2.540152407834994023e-03 7.336899887180919899e-01 2.398121993352778526e-03 -8.462258821601895686e-01 1.794286012321134050e-01 -4.613793243716000636e-01 1.750515680857850642e-01
7.245407168482058680e-01 2.497435303995064471e-03 7.347101781605235304e-01 2.423327942399461712e-03 -1.009401529638790374e+00 1.756567641664391333e-01 -3.153090943366254617e-01 1.783327435163571950e-01
7.246620694784494665e-01 2.463032432609135996e-03 7.344982605122225561e-01 2.424541300374046925e-03 -1.054620224574298826e+00 1.744201110725089876e-01 -2.620022048387106173e-01 1.792469722791662501e-01
7.264275107320249392e-01 2.421763065139112808e-03 7.328137534554657329e-01 2.462226096648562935e-03 -9.356056050758504439e-01 1.716463032296101920e-01 -3.962040962702752522e-01 1.802061567204117087e-01
7.281368289371802360e-01 2.413999548254425372e-03 7.298150871741939660e-01 2.460115747953130119e-03 -8.802214182495138317e-01 1.707539065169637327e-01 -5.351959339866810828e-01 1.815097701041955003e-01
7.253661823964625555e-01 2.357527622642547217e-03 7.333077293925041040e-01 2.533931055533727907e-03 -1.075789174063116915e+00 1.712071667444000356e-01 -2.901152139443992639e-01 1.824519617111974301e-01
7.255167470972680999e-01 2.433602714154260889e-03 7.320674131279698571e-01 2.479725183729764807e-03 -1.171803840764910065e+00 1.851053832089235851e-01 -3.618159627409499590e-01 1.714242428739097546e-01
7.287381973495857812e-01 2.463062680409144195e-03 7.288973033560689485e-01 2.454442598936098022e-03 -8.463531928362887369e-01 1.845886616963917926e-01 -6.505952162810271222e-01 1.713237562168309358e-01
7.305421383225070286e-01 2.443873090562191479e-03 7.271675353349079662e-01 2.504067684604628641e-03 -6.963903074306502239e-01 1.802774254663299103e-01 -7.691026161741433276e-01 1.774816809266924755e-01
7.320392732546688874e-01 2.441426120861153130e-03 7.252077735945061665e-01 2.494164422138653997e-03 -6.079143281627247264e-01 1.790774868891057414e-01 -8.826003933522335032e-01 1.783913239378126792e-01
7.308910468923061066e-01 2.392564947894016119e-03 7.267161822525106674e-01 2.556981176165830025e-03 -6.810437893221783501e-01 1.764581459023709942e-01 -7.890997497542362460e-01 1.817107164596240554e-01
7.312128996826313676e-01 2.350095011894190889e-03 7.268238021116447678e-01 2.600285893902323613e-03 -6.331370093140350486e-01 1.718493098193335789e-01 -7.936392061037703671e-01 1.854854709666128587e-01
