# [SH0ES_CALIB][HEALPIX] This is the data for ISO distribution with new set of data for each repetition
# 500 repetitions, 1536 points, q0f= -0.574 h0f= 0.7304
# 
# delta_h0_iso_max           delta_q0_iso_max
1.145075279999652196e-02 7.009954471638617512e-01
9.682935182386720463e-03 8.489853151120529962e-01
8.280718984032708896e-03 6.899313997381877339e-01
1.011505979690963120e-02 9.842987995405940715e-01
8.415670194485302957e-03 6.626561365050132046e-01
1.245865595081907529e-02 8.606093524650855198e-01
1.109571367904571559e-02 7.501554867718638331e-01
1.301714640295292824e-02 9.309015217618799021e-01
1.073083618339010226e-02 9.273466727633042916e-01
7.777193318162511915e-03 6.278864345269126179e-01
1.457784321713773146e-02 1.152980774350002235e+00
9.746030063056965176e-03 9.929749476729511359e-01
1.095323656308688776e-02 8.806143517444792179e-01
1.151171357884372970e-02 8.052655789056245572e-01
9.148306551223450711e-03 7.288328954852595354e-01
1.083551570498930694e-02 9.992596908893505159e-01
1.206344908688128381e-02 9.650203437196993583e-01
1.244547649479399443e-02 9.281956377791932278e-01
1.423888311760279635e-02 1.145150128955141122e+00
9.205262463821362040e-03 7.198318348297207958e-01
1.020814238893641424e-02 7.266909407854071912e-01
1.335439081405920270e-02 1.164755923005198701e+00
8.662382932337342467e-03 6.872834626077315434e-01
9.617150362653759110e-03 6.857622840149167898e-01
8.085110588266108955e-03 7.041015987364953599e-01
1.229411562936633118e-02 9.168521344453446353e-01
1.154570677172528370e-02 9.006211410137472395e-01
1.022644757119950398e-02 8.696630107838757562e-01
1.092702517434818166e-02 8.142616060160337010e-01
1.042083711485475295e-02 6.773402266145749362e-01
1.017353728049652517e-02 8.910215135994705715e-01
1.008106192659630196e-02 6.090556260787837184e-01
8.042626564840005265e-03 6.740468935502827996e-01
1.262047020100032224e-02 7.493496290003747173e-01
9.909032840964226985e-03 8.031371811834138175e-01
7.192005222615649451e-03 5.818993072532109290e-01
1.103632386978947721e-02 7.320323033379383393e-01
1.333269887127908060e-02 9.279037114374770745e-01
1.601417416768646795e-02 1.104838532413052743e+00
8.074806526361721914e-03 8.295437558204854511e-01
1.526812687658452017e-02 1.039949022082042207e+00
9.527089894203810694e-03 6.790763382649669389e-01
9.551240214020317865e-03 5.359081624138504196e-01
9.690542257499323853e-03 8.158197795565735877e-01
1.223313016433014155e-02 8.561920880101008269e-01
7.676204639299299970e-03 5.188002699467100243e-01
9.738710792806082317e-03 7.063471552989268876e-01
1.291300890774338406e-02 1.016016741389171862e+00
1.226318020602379377e-02 7.786266767561460522e-01
1.041641840815765718e-02 6.833185442599984949e-01
1.071972023037937038e-02 7.983299123864806557e-01
1.064394877401175776e-02 1.045896354098384773e+00
9.165422800401334946e-03 7.435691497993318633e-01
8.138996740742254765e-03 6.117004159670973440e-01
1.143546508427983888e-02 8.902410257907867885e-01
8.283620119305057372e-03 6.701971577249169476e-01
8.594798415078708231e-03 7.011433007786095351e-01
1.031141407994928816e-02 6.911162328554812939e-01
1.396781489977139135e-02 9.299385900971777197e-01
1.033030734213580271e-02 7.110116341002026275e-01
1.214602976474321583e-02 1.258327548899944137e+00
1.088613910408853247e-02 5.691748635082615193e-01
1.126311348949127211e-02 6.583600281845428670e-01
9.468790743485611117e-03 6.254188857746584285e-01
1.067941303497366157e-02 9.304335887751249423e-01
9.806955237046888207e-03 8.207548988353083885e-01
9.842394762550221721e-03 6.983937156790869238e-01
8.123618544044863832e-03 6.326538058434170164e-01
8.530801214169825286e-03 6.467347206659928016e-01
8.470807714182404524e-03 8.987183539701368851e-01
1.250398123080875834e-02 1.172721522988005471e+00
1.194125590640315870e-02 1.052848537067640144e+00
1.271680961940602206e-02 9.498956103797457917e-01
1.064306065331710460e-02 7.854343209055261177e-01
9.418042863310827073e-03 7.892960956343635370e-01
1.121736900213643473e-02 7.566782086744436864e-01
1.145049897012184736e-02 7.542110021905901185e-01
9.060620596908819380e-03 6.848112456514752200e-01
8.021499842197354901e-03 6.487089123333535934e-01
1.390157508382994234e-02 9.952739256626069730e-01
1.011396338763215219e-02 9.515894059086789092e-01
1.022800107108223777e-02 8.856305833315092357e-01
9.292015666147457331e-03 6.912627725873945472e-01
1.550012094287733788e-02 1.348836938469654356e+00
1.623422803519736224e-02 1.114527507856693855e+00
1.219557219957945193e-02 1.019707984256887023e+00
1.178974955171174788e-02 9.072226924452396757e-01
9.763180659788872617e-03 7.310285172454233926e-01
8.860817819967947706e-03 7.580987498255540302e-01
1.212183361311813812e-02 7.068586246732317946e-01
8.507309595812584391e-03 6.052860067652328091e-01
1.190161709759929298e-02 9.336335510458875220e-01
1.278940557500418684e-02 1.080443025704843851e+00
1.161070793508078847e-02 1.124734597041314288e+00
9.389731966890302317e-03 7.500726924441409871e-01
8.521995817227234760e-03 6.597488201699236443e-01
1.413967313873309983e-02 1.076984288088007391e+00
7.698330136425846071e-03 5.698969080385596353e-01
1.380011521210677827e-02 9.692895589934950040e-01
9.928725455938480771e-03 1.035704168906418587e+00
1.507428809923883062e-02 1.159595026784272731e+00
6.950052232072900793e-03 7.371023179375205681e-01
8.340998034296331909e-03 6.091137121290013390e-01
7.482338879595928915e-03 6.240110435959447255e-01
1.190031288307391577e-02 8.183612009816408905e-01
8.900443644213273942e-03 7.252922214571280168e-01
1.303281595784155922e-02 1.064752959663711973e+00
1.181167723754694698e-02 8.235528607385289579e-01
1.167739736491701930e-02 9.220768929343124976e-01
8.275433710723922864e-03 6.347009773302569879e-01
7.263651984543151308e-03 6.929519207650911561e-01
1.151779496987248574e-02 9.362043940753068672e-01
1.260544997874535333e-02 8.144208127920830043e-01
1.003241075879557354e-02 6.057434396672050081e-01
1.108649742401057736e-02 8.024566468365353922e-01
9.984830047777504269e-03 8.104211891295738379e-01
8.838958547636832641e-03 7.789568363507799464e-01
9.602792860751274695e-03 7.704841050739728026e-01
1.287241075813794211e-02 1.123075873807976244e+00
1.454137430863722269e-02 9.603518718872102733e-01
1.113235674872747882e-02 8.337724360581213467e-01
8.437110391336766213e-03 6.135297988124934765e-01
1.248663366653879336e-02 8.656864148077959564e-01
1.014996887597907627e-02 8.527708046100918038e-01
6.820569102247153737e-03 5.741099114135713721e-01
1.044100188388308315e-02 7.029287389357055105e-01
1.044960833345220941e-02 7.415293636823068191e-01
1.108925017002349023e-02 8.473685590346626828e-01
8.638379327587264456e-03 7.170884678629836362e-01
1.474337590900010042e-02 9.845293727039539089e-01
7.944329025572960390e-03 6.073276502240325669e-01
1.358020721292452215e-02 8.587424696953299685e-01
1.264198207799460683e-02 8.315944687249909872e-01
1.296109755251362294e-02 9.179100273754968731e-01
8.055023478405254345e-03 5.829966370207768644e-01
2.004891669858777092e-02 1.285155679426612352e+00
9.039768772382106299e-03 8.785657286072011685e-01
1.045410657302192625e-02 8.703743164905974883e-01
1.403075225291394723e-02 1.143733478921299840e+00
1.087184633832249947e-02 9.129132568647249091e-01
1.138098095126327536e-02 7.779929200446606963e-01
9.234823390887880734e-03 8.162542644958421523e-01
1.044845227034252311e-02 5.552977098264746392e-01
1.103760689722677046e-02 9.072850795727404050e-01
1.159870459643697060e-02 7.542696961680102063e-01
6.995435452057940928e-03 6.257950041982378586e-01
1.561630164133009924e-02 1.413472226445927404e+00
1.007035439369752261e-02 6.798634536296885855e-01
1.011996145471305564e-02 9.610692842197945396e-01
1.009233204706383447e-02 8.974520309698583720e-01
1.030220356756617051e-02 6.383968272119774356e-01
1.376668424361449095e-02 1.028149149509784532e+00
8.578832579861916940e-03 6.090003092784829208e-01
1.222025478389410225e-02 1.003614802803299844e+00
1.048288315910317348e-02 9.136772955235233917e-01
8.978120767215713727e-03 7.434205195620722240e-01
1.289365882249637885e-02 9.353313192517705987e-01
8.396613690363596838e-03 8.041572495913179575e-01
1.333285123706984265e-02 8.781934854853831185e-01
1.190414455497135204e-02 8.779647941111731191e-01
1.099996148644066807e-02 7.175477069263974661e-01
1.512111631191304095e-02 9.602888118408525742e-01
1.007367532292013923e-02 9.879286545864298663e-01
1.370572788244017737e-02 1.014203194190184343e+00
1.357678201284762132e-02 1.123859592412273400e+00
1.069031755604454847e-02 5.521399914543936305e-01
1.096845099961385461e-02 6.710556317982961927e-01
8.193820632184656283e-03 6.828330052119326865e-01
1.278922264852688784e-02 9.871677199327597574e-01
1.401538143841607464e-02 1.100485739364269744e+00
1.631159399434967128e-02 1.135476815284768737e+00
1.501461369866463613e-02 1.008952906616263911e+00
1.320479587349865369e-02 1.036200120429018101e+00
9.250861161842260927e-03 7.921601661856685350e-01
1.073285859143624510e-02 6.590716394253252064e-01
6.728786899387606546e-03 5.171880544796887413e-01
9.674044692132288681e-03 9.145753348949265948e-01
8.763431112032482595e-03 7.161498596350135415e-01
1.004523669677370723e-02 9.076845509655211419e-01
7.267653327753920145e-03 6.318896792985830846e-01
7.840510665930944256e-03 4.920823405060161804e-01
1.115665955843747614e-02 9.148670363199843392e-01
7.093817537070723489e-03 6.287602633534977725e-01
8.785183133184326643e-03 5.762534933335994314e-01
1.371678676951026965e-02 1.034714187853887468e+00
9.829894092234114922e-03 9.603414967058333529e-01
1.025667096824056657e-02 8.330824612207952118e-01
8.564318361674705393e-03 7.620978906306139500e-01
9.279604914617101130e-03 6.703631547402240098e-01
8.976404839664442470e-03 6.495499649432443512e-01
1.353559465002618367e-02 8.094799756722204087e-01
7.234280419622596270e-03 6.133552165840938653e-01
1.012115063539198445e-02 7.945532579640128823e-01
1.668729905174959338e-02 1.066051674626647738e+00
1.218845595504980395e-02 1.020859296578629172e+00
9.416717938563912149e-03 6.712012352857334996e-01
1.016010724853977365e-02 8.310177020217963673e-01
1.127530408668653283e-02 9.041450525308639685e-01
7.864308334788128185e-03 6.425953944410109919e-01
8.627036906495022528e-03 6.808015662568170923e-01
7.387515465578808893e-03 5.242379591465453625e-01
1.178171773268987810e-02 7.680433484984110493e-01
8.714138424976258790e-03 7.391907551825465106e-01
8.081175863902778644e-03 7.009920870653902902e-01
8.246709331864221504e-03 5.737332002862822744e-01
1.456378399284363745e-02 1.113585220712416834e+00
9.183975274557609758e-03 8.657209631143781836e-01
9.259317360450602941e-03 6.624938130018079852e-01
1.083874682907137732e-02 8.967361057998761709e-01
9.532236737201604804e-03 6.601722310152700057e-01
8.751340260855999809e-03 6.388953070231033760e-01
1.114931613589253967e-02 8.691686501535762499e-01
1.367574513210900733e-02 8.938888648604688125e-01
1.072587150510007081e-02 9.563738626941440391e-01
1.151354322581832346e-02 9.545784121719543824e-01
1.179784768256197935e-02 6.836735108162044217e-01
5.500741941089959397e-03 5.764634790807916520e-01
9.108612003524418910e-03 8.216781273819395714e-01
1.116743637588202276e-02 9.510463979010199687e-01
1.178320686692702068e-02 7.982357008018854394e-01
7.910194997757025170e-03 7.218931261392470544e-01
8.020741701864952944e-03 7.873937373648492999e-01
1.020169103924006837e-02 6.789193776770676703e-01
8.241602673260572942e-03 6.770130189040669544e-01
1.021787532941376142e-02 1.080988120797748309e+00
1.171343522754075828e-02 7.781406370072481149e-01
8.050638817556299287e-03 6.904830809985188500e-01
1.419384852394867114e-02 8.197559098214169948e-01
1.379929427903048289e-02 9.550159734083354390e-01
9.976968036156219632e-03 7.883878123215816158e-01
1.025693934928739726e-02 7.319797432070541676e-01
6.946535773707185335e-03 6.001344757940706431e-01
7.686506801205750250e-03 5.605815272125449500e-01
9.693415438411179252e-03 7.485467863031102231e-01
7.816462529316559049e-03 6.339357511852705684e-01
7.315154852088667781e-03 5.499791819876118648e-01
1.132349997609771730e-02 9.654179955966863957e-01
1.004915301271513961e-02 6.586742758984038826e-01
8.089672318692064934e-03 7.583904213981629283e-01
9.661159118437678828e-03 7.332287916422242091e-01
8.504974253997987788e-03 7.070757920946022512e-01
9.304313645954631617e-03 9.426815369405501244e-01
1.502742208505503108e-02 1.139328617083049888e+00
1.013735318161679277e-02 8.495321147132448569e-01
1.298984462980645738e-02 1.072597547547717634e+00
1.233410276529522953e-02 8.785515573169926373e-01
1.123251230096011799e-02 1.080518342346406202e+00
1.094340177034591743e-02 8.984040166678599615e-01
1.028449545033538470e-02 6.923348727115724577e-01
1.117845189010258089e-02 8.124043911444643884e-01
9.885360854458680180e-03 6.558627698929286876e-01
8.486579318409237516e-03 6.441274939169689961e-01
8.564814672411547036e-03 8.770233392289396024e-01
1.059634853790414333e-02 8.543475288416784164e-01
1.214174913945931245e-02 8.828722202253864726e-01
9.126708990574328162e-03 6.851454074659812932e-01
1.044510149092892082e-02 8.650744131762615474e-01
9.697911618628873853e-03 6.931342846530196278e-01
9.634807210561979751e-03 6.265014497832488427e-01
1.427151605160947856e-02 9.787366004303715838e-01
1.041263107952994371e-02 6.085544382030650956e-01
1.101425080811757606e-02 8.218270249922809967e-01
1.134784436368174720e-02 8.615836625171086061e-01
9.361873983222190887e-03 7.849574245920176718e-01
1.466631720896582891e-02 1.011608730706750947e+00
1.038176771988741365e-02 7.260739520763195287e-01
1.054849559696746653e-02 6.983348418646431188e-01
1.484911407819089479e-02 1.083452770982826552e+00
1.551024500186637400e-02 1.213511744923128299e+00
1.165226549810371992e-02 6.757148213028927319e-01
7.036630191179837901e-03 5.029057307709356994e-01
9.555403956743480087e-03 7.585802575664426506e-01
9.939502125898114215e-03 6.823818105293553149e-01
9.004555917257572872e-03 8.244808588136807170e-01
1.087634768106260363e-02 7.183722757532369219e-01
1.049962357301548188e-02 6.769539015777332747e-01
1.101666918084076574e-02 8.138364676557585664e-01
1.342913907190002032e-02 9.129517694452764509e-01
7.116934564431964816e-03 6.198734357868276312e-01
7.630805737642742947e-03 6.240152657747783937e-01
1.287980301149349582e-02 9.341987555593607162e-01
8.091407592922816860e-03 6.101679244061821716e-01
7.866140568963397861e-03 7.560375551637696923e-01
9.131856624066903017e-03 8.120321309276654631e-01
7.103685902229428528e-03 6.750315136788695991e-01
1.024953843694220712e-02 8.905075924661405296e-01
1.178174163400791397e-02 8.613454962943227766e-01
1.113954046926568520e-02 8.536345622384824416e-01
1.130136731879061163e-02 7.836242234105891269e-01
1.140865433175985988e-02 9.581720866821019644e-01
8.922203334680300912e-03 8.208867635657840500e-01
1.152595230707409435e-02 9.263024153899966917e-01
1.811465062772621426e-02 1.188029176957787092e+00
1.129465769394522034e-02 8.135414785610154409e-01
9.998876173699655645e-03 7.882312774083671814e-01
9.364060759880055151e-03 7.510595684292107332e-01
1.053777776288811197e-02 5.772378807653810728e-01
1.829425776999338282e-02 1.274140509684859479e+00
7.460028641824600903e-03 7.160973978179372423e-01
1.229367032142558713e-02 1.141358156207481045e+00
8.847830915850729561e-03 6.832610926712054944e-01
8.711393123080779510e-03 6.580670966822284029e-01
1.333499163068807558e-02 1.296236597900946919e+00
1.451060371280721295e-02 1.094327483599059070e+00
1.209727275278937864e-02 9.178357624476073395e-01
1.174356366166817711e-02 9.590638441016920979e-01
8.514470945024332771e-03 6.160257031863767274e-01
1.029570856401529344e-02 8.364555117615226632e-01
1.106840034319944710e-02 8.670228112079256810e-01
7.519170306330202891e-03 4.876433817882147026e-01
1.027364821690546215e-02 5.472386767072685565e-01
8.514597955195601919e-03 6.222703499278203765e-01
1.051761986853838593e-02 7.614034700688221413e-01
1.596954504180070344e-02 1.120603981887333012e+00
1.041456755361325204e-02 9.231988717186598858e-01
1.078947762322968185e-02 7.868614789887621308e-01
1.010482525153166833e-02 7.163031158873142124e-01
1.050922883623528481e-02 6.770807512969722053e-01
1.128240484618137085e-02 7.074940752324561100e-01
7.500079851870289360e-03 6.360235007744625690e-01
8.598194721194718504e-03 7.294805026473727416e-01
9.690206325618566652e-03 9.442443052270645953e-01
1.624721689362462751e-02 1.171576613767353114e+00
1.021015647624234912e-02 7.850739326682258934e-01
1.182215582916190666e-02 1.026567947331632258e+00
1.066749725715765429e-02 9.249326939633883971e-01
8.259892844836969061e-03 6.778035900945047487e-01
1.273839092740447487e-02 1.144254250942725371e+00
1.000036897080880394e-02 7.687330840749315719e-01
7.868269497896984710e-03 6.297500267986246847e-01
1.237275473297871908e-02 9.368809064896611583e-01
1.716942097947637969e-02 1.083867629271088706e+00
1.099003561756772829e-02 8.214937285219141572e-01
9.318887194611935598e-03 8.255855093746646833e-01
8.743660900876637498e-03 7.628347872618965742e-01
1.019130345355545586e-02 6.485507955236675670e-01
1.021215016007104293e-02 9.427915244327994548e-01
1.288025341958687342e-02 9.007472699816696515e-01
7.173489545670319600e-03 6.530817433301447927e-01
1.029900198781430465e-02 7.345086731140277880e-01
9.109741431124973587e-03 6.760801388333228523e-01
1.031238403318657237e-02 8.120555560655642324e-01
1.041045391863404390e-02 9.063495854947495323e-01
1.667028049972918424e-02 1.314126191726647797e+00
1.625035016469578153e-02 1.212259787985595194e+00
1.380442520662839012e-02 8.549287026039738002e-01
1.301669912194702849e-02 7.700167098050525460e-01
9.089068547369683060e-03 7.707083307624500446e-01
8.034007765136408352e-03 6.002356411770517486e-01
8.146429249918263338e-03 5.179887070784083836e-01
6.819950726531631702e-03 6.034686299594742565e-01
9.362472248092945648e-03 7.646811048978605641e-01
1.480168364872447295e-02 9.007457603948203495e-01
1.057352296650326817e-02 8.654418798005077962e-01
7.655481191216839676e-03 6.936863100683745564e-01
1.016126657976412773e-02 6.227061346532861696e-01
1.186996326506550847e-02 1.071510631010074155e+00
1.264619045992865232e-02 9.672730235938209464e-01
8.676148223921931191e-03 8.417205672466592237e-01
7.813906402395098816e-03 6.068200711101958689e-01
8.202764963178510449e-03 7.790547265268474852e-01
1.000716662953016201e-02 6.852232118933728744e-01
1.257987848870933956e-02 9.513811128794799066e-01
1.071790334424860269e-02 9.401574644176933226e-01
8.310957018510145566e-03 6.755037012587487011e-01
1.133711734492737211e-02 8.192448552886242297e-01
8.836267975025124954e-03 7.179810565436102188e-01
1.061189678731933039e-02 9.927275544200255819e-01
1.805200859850308870e-02 1.352580712810858454e+00
1.088695481370460794e-02 1.041160064450756373e+00
1.740808194783605156e-02 1.095683008160094785e+00
1.044846906614749216e-02 8.627514862971668030e-01
8.937238751503207013e-03 7.099212157227676734e-01
1.038076305248236686e-02 8.164656466714774741e-01
8.439590973172039767e-03 5.906112991264449441e-01
8.302239090670848753e-03 6.712545752026424228e-01
8.850674811090364358e-03 7.667159989209708648e-01
8.456728994799989074e-03 7.463923966107506303e-01
1.055089002352960215e-02 7.729929221641966830e-01
1.130018840703084226e-02 6.991439373959106307e-01
8.415564862839230997e-03 6.965855610472817538e-01
1.271496486529855030e-02 8.859528757828050161e-01
1.199497974495966623e-02 9.053052662342354617e-01
1.290999986207219674e-02 1.119419181981796907e+00
7.533200985680221784e-03 7.785098775464711629e-01
9.613679797652929793e-03 7.749083773366005623e-01
1.662000196886015413e-02 1.073966045353521803e+00
1.166001522112902755e-02 9.262469469264265065e-01
1.677751261394844207e-02 1.451445064692062026e+00
7.589424310149084363e-03 6.967471195843443210e-01
9.719644916067138318e-03 8.728947828558484279e-01
1.058148288131111059e-02 8.483036196191511280e-01
9.570325054264694487e-03 6.780259441969556100e-01
1.167468069767296779e-02 7.596048742130843134e-01
9.954854789433587037e-03 7.664072778141641784e-01
7.770787714035498617e-03 6.778978400023623063e-01
1.245596863388409581e-02 8.585977012866958802e-01
1.039563216442473959e-02 8.920804197674889746e-01
1.282206958687714948e-02 7.539471684558305409e-01
8.087662334951173371e-03 8.357935027596992139e-01
1.052598452105735216e-02 8.873709932682386503e-01
1.038533749757075686e-02 7.950380514571442347e-01
1.698631039668230258e-02 1.085884309197887365e+00
9.052886766212853153e-03 6.570306759934544383e-01
1.401764703834917913e-02 1.017224201676363737e+00
9.762987365363517966e-03 8.004932148055030616e-01
9.379179282816729746e-03 6.059097885246648163e-01
1.664110402410079459e-02 1.337452459748970535e+00
1.307659136858851934e-02 7.809351994587891976e-01
1.078116211111224132e-02 8.844445351599861116e-01
8.389475376207711221e-03 5.434655916580319879e-01
9.837286881490103774e-03 6.730887903540225814e-01
1.500747499857923994e-02 9.958258053928183973e-01
8.633908020296177099e-03 5.543984935823655924e-01
9.899277474906709173e-03 9.203214567378494859e-01
1.333880970157008683e-02 1.031788250702608156e+00
8.968347474670235187e-03 9.313586347897537809e-01
1.126677374129492204e-02 8.402996623842304835e-01
1.286093914402430816e-02 1.004091493053880235e+00
1.252403422905357111e-02 1.080455280571888776e+00
1.198835509367146557e-02 9.080127161131286151e-01
8.312800638553663468e-03 6.640704431713063682e-01
1.566360876526895485e-02 1.232047890312871541e+00
1.210393189597513963e-02 1.056107720280823337e+00
1.146573515847826297e-02 7.484655712922025916e-01
9.794200606123348862e-03 7.439695624628099857e-01
1.237935510955889828e-02 9.572454056537905709e-01
1.025381155172633285e-02 8.838257031833183230e-01
1.060866125187187592e-02 7.973847956166673079e-01
9.447514934681877641e-03 7.052505786130698340e-01
1.076486257485764764e-02 8.268062565706194578e-01
6.926272852111114986e-03 4.983597973222816946e-01
8.736798160387193590e-03 7.346553722093203120e-01
1.150522010728494138e-02 7.058388378378384065e-01
1.159221202880678092e-02 7.612923632890382653e-01
7.438892253032736157e-03 7.475928820027961663e-01
1.246799167872214564e-02 8.810792397451445712e-01
1.229303489340616284e-02 8.718716716165690883e-01
1.130298678406016499e-02 8.151821869493727224e-01
9.501713604009642822e-03 9.174377589502943353e-01
8.340219573376939088e-03 6.487877197393775441e-01
8.179621246956148006e-03 7.807470733762071902e-01
1.057841433383877039e-02 9.660193257338629547e-01
1.037520272864078663e-02 8.666269148287136792e-01
8.406289735564231869e-03 8.882582909614460398e-01
7.782076948207428124e-03 6.674876619353844465e-01
7.683082223551518375e-03 5.050676258111949091e-01
1.208617086022156784e-02 7.477279237206480023e-01
1.089264681414703340e-02 8.568155165132671502e-01
1.244257088377997977e-02 8.633686498794459485e-01
1.193331327811408826e-02 7.206298670582518273e-01
8.510030096861687099e-03 7.355237273181930435e-01
1.060204016790622372e-02 9.421277623263663026e-01
9.640655180037760452e-03 9.370661385440263169e-01
1.103300602820567189e-02 8.736481083116267587e-01
8.924684984606079396e-03 7.277996534484630908e-01
9.610167176300921099e-03 6.672870947334851310e-01
8.652525762453899816e-03 7.879475427298934243e-01
1.237768450629683770e-02 1.162917829205635245e+00
9.286691235238397901e-03 9.299820807899610298e-01
1.150666314461534778e-02 1.082924608799495925e+00
1.078027709802076295e-02 1.016147319744552302e+00
1.078298269916866392e-02 8.775622546663300882e-01
9.995770799201886270e-03 6.973949997937817225e-01
8.991977259346084494e-03 9.001118205552749441e-01
1.139571269880068627e-02 9.607004918355787071e-01
1.160659905191185892e-02 9.563095555729814734e-01
1.355712216842008822e-02 1.239625957360946718e+00
9.787409023502835481e-03 9.586535293860435347e-01
1.544385216419996709e-02 1.040874468300869049e+00
1.286557523699272121e-02 8.149428052011326029e-01
9.408841137951262645e-03 5.854040444603516580e-01
8.599936407360120327e-03 7.061240185549803039e-01
1.121568642347758882e-02 8.519748183535615915e-01
1.113399472733855866e-02 1.046230086237142309e+00
1.100612086381835830e-02 8.207392756477813744e-01
1.202517716840090234e-02 9.364180617040980259e-01
9.891970868954547136e-03 7.616774086675379696e-01
8.466082576022659900e-03 7.878246930942200965e-01
1.135079849683084952e-02 7.999171322387692573e-01
1.205174151766497115e-02 7.883793973307460234e-01
7.519414972477211911e-03 5.560707908184335801e-01
8.094620402460006581e-03 6.720153847305282424e-01
1.034212797352784818e-02 8.930329421211213869e-01
1.043747311329357164e-02 9.870150467219409585e-01
1.186094857247776968e-02 6.893960632528408627e-01
9.655060434326734331e-03 7.609462198695600144e-01
1.111682774286437692e-02 8.234276122384857066e-01
6.546993571589942995e-03 6.290072939281804443e-01
1.287677254927055426e-02 9.732351021056626639e-01
1.302691494732266531e-02 8.613589816011416600e-01
1.009559759386791100e-02 7.500649732151793980e-01
9.892015501274498135e-03 7.906211743365461064e-01
1.048028051191873811e-02 7.470670529184157971e-01
1.173904162776473470e-02 9.939228365039383117e-01
1.060831651739635451e-02 7.773728271212165808e-01
7.536153562421099572e-03 6.032323198132658604e-01
8.801298864299700320e-03 7.095605581414873297e-01
1.029026573375457776e-02 7.187815253434166607e-01
9.967241999787046502e-03 6.473150981298799733e-01
