# [SH0ES_CALIB] This is the data for LCDM distribution with a new set of data for each repetition
# 500 repetitions, 3072 points, q0f= -0.574 h0f= 0.7304
# 
# delta_h0_lcdm_max            delta_q0_lcdm_max
1.735727097743811065e-02 1.344537755867488915e+00
1.708685657514064093e-02 1.082024407155373069e+00
1.537168783610587397e-02 1.106724706684275361e+00
1.335164180562853353e-02 9.868418292012547388e-01
1.663073235390433169e-02 1.407322153742378124e+00
1.992551949882948037e-02 1.644022532387728885e+00
1.521780257068061637e-02 1.209075043274453476e+00
1.798063714957487402e-02 1.373695297411973604e+00
1.610210858544702806e-02 1.095808042955886741e+00
2.352419067354249993e-02 1.445194910097608698e+00
1.835371731185619915e-02 1.394702283177511104e+00
1.636862727195498302e-02 1.066354437028907753e+00
2.082336351202984659e-02 1.674052951853263638e+00
2.125596561739873103e-02 1.379728339825210037e+00
1.320031022593415315e-02 1.208191052320066294e+00
1.861719758875302055e-02 1.678053363099648809e+00
2.185624040182465588e-02 1.743170205132976491e+00
1.325275143742199457e-02 9.952439810986939417e-01
2.435262234700152906e-02 2.200459171912865219e+00
1.818740938975760280e-02 1.307400326580443917e+00
2.199797233751443759e-02 1.478306582063908081e+00
1.433918408540679756e-02 9.843456458087462835e-01
1.353477844841655120e-02 1.006101724319395707e+00
2.300276580077353916e-02 1.498673972246360009e+00
1.688473870922013731e-02 1.302393299511424685e+00
2.288636562561996435e-02 1.987922791454424409e+00
1.452449919678922008e-02 1.145184469226059321e+00
1.507896710255252071e-02 1.252208238979841459e+00
2.098117558898604518e-02 1.608399244641413484e+00
1.712391461286222327e-02 1.332762227599371574e+00
2.359604212587962380e-02 1.817793151072248481e+00
1.863862848415465123e-02 1.753121015462726806e+00
1.388408652383321673e-02 1.150600596181539315e+00
2.582056889241857167e-02 2.113089056970608670e+00
2.287867773592944243e-02 1.494678747963553711e+00
1.449513855469553025e-02 1.119633259671742431e+00
1.789946834400601983e-02 1.445955054585026600e+00
1.396461181151242847e-02 9.971131027624227094e-01
1.520285889058248241e-02 1.150572085434696801e+00
1.696826006962293132e-02 1.386431753904996844e+00
2.148840467659984821e-02 1.712279745387878860e+00
2.340005665554745207e-02 1.535233732567014231e+00
1.911726116613521320e-02 1.192604197082794082e+00
2.324417004073375814e-02 1.512295815331575977e+00
1.725713992061073121e-02 1.421381180690479473e+00
2.057230270053667098e-02 1.352722634565730830e+00
1.551363227128532696e-02 1.228611430718748121e+00
1.961743097833912319e-02 1.343012770076289275e+00
1.841668796730377977e-02 1.484031989204283697e+00
1.855041235243914954e-02 1.404757457164166112e+00
1.555649591108532181e-02 1.159378091577700554e+00
2.056467555505303579e-02 1.366126315029323690e+00
1.898829192216566764e-02 1.386983241803283029e+00
1.741466222134269159e-02 1.672873766424009867e+00
2.244179385092048840e-02 1.432568884877940096e+00
1.915143495326865342e-02 1.367903626113213145e+00
1.643543713537487516e-02 1.254364251923265616e+00
1.923248795196252914e-02 1.527968312480231683e+00
2.089272045649848142e-02 1.524818287117674309e+00
2.215396953490300636e-02 1.686148901773214748e+00
1.212920423090935174e-02 1.161926464667693226e+00
1.426939454907905080e-02 1.051302502962413898e+00
1.668554620815476675e-02 1.195672768472151093e+00
1.451227744634664418e-02 1.096986227770499589e+00
1.835552541300911056e-02 1.413574204852554583e+00
1.624294125964786950e-02 1.312214271342404093e+00
2.062218998514353530e-02 1.639174324323222631e+00
2.350824964553865914e-02 1.523092929553429009e+00
1.650924202068326796e-02 1.233619242859654186e+00
1.836819121902133478e-02 1.124092274667771951e+00
1.860935596953006144e-02 1.624636609933791886e+00
1.739470788043473437e-02 1.271445305132391068e+00
1.817908074341456626e-02 1.311353261485001642e+00
1.844928057316952419e-02 1.333370906328082528e+00
1.817886238745924921e-02 1.269702932529781947e+00
1.814006402778089999e-02 1.440279213817611259e+00
1.593323244291489083e-02 1.367837752166131793e+00
1.251240003022779934e-02 9.562438746636496845e-01
1.995308102883319723e-02 1.679190365307739796e+00
1.849999547519043386e-02 1.198189799810808420e+00
1.430569490424093981e-02 1.161174472205616759e+00
1.998859774361694264e-02 1.400984946755715388e+00
2.209604764736239346e-02 2.104360512566800345e+00
1.816702452010476865e-02 1.524604701994990430e+00
1.356860948602500727e-02 1.418925431916017610e+00
1.740703171247559577e-02 1.265588772301197817e+00
1.199782694676987393e-02 9.225877746496297105e-01
1.527511625271193996e-02 1.464962675994132546e+00
1.109171096929972844e-02 9.508481831895074787e-01
1.915138709867536537e-02 1.125278951868628363e+00
1.636591119185359933e-02 1.129269340313304282e+00
1.546965735781180573e-02 1.264388848417906441e+00
1.979472834117379509e-02 1.529189957118730403e+00
1.648626499443983651e-02 1.086927260120173822e+00
1.440503799184966738e-02 9.087971356162101166e-01
1.999257084370842374e-02 1.827539821464299719e+00
1.751559791583401360e-02 1.143750530166616652e+00
1.942900018634530213e-02 1.496242250696341980e+00
1.559473235587061080e-02 1.327089293236826339e+00
1.933763201577209934e-02 1.441526759484125897e+00
1.504078320812141101e-02 1.229991957681010994e+00
2.212586734810439992e-02 1.463725588684989143e+00
2.322683324818664019e-02 1.886771763438218841e+00
1.700082658591928197e-02 1.403254411323227924e+00
2.163488670145274906e-02 1.510592110340288396e+00
1.599699760757578026e-02 1.466101270778150667e+00
1.907432733315195250e-02 2.057558238361646197e+00
1.347610594875015000e-02 1.227087896124286592e+00
1.478085925223493469e-02 1.262300496351546952e+00
1.815008281518259992e-02 1.579999164288351743e+00
2.062263857463586536e-02 1.957101859758770379e+00
1.534709724078053839e-02 1.307124493708435198e+00
2.232120049053742949e-02 1.720433866871450723e+00
1.385636753276808797e-02 1.058547058664622398e+00
1.518710909908826956e-02 1.371231856234580659e+00
1.357693126252956795e-02 1.201528363811914080e+00
1.711259875271131659e-02 1.240659147285701813e+00
1.644215415398830871e-02 1.353929403376585849e+00
1.852978329661636447e-02 1.580787234698681321e+00
1.931441742147355090e-02 1.324415447589107453e+00
1.790096252405937172e-02 1.448959183962389208e+00
2.037339991766362601e-02 1.544157233259987549e+00
1.751539247395528243e-02 1.448088036668299772e+00
2.046727967559580641e-02 1.310213279169299083e+00
1.323925489772104225e-02 1.189214893971406672e+00
9.979704487335538943e-03 8.984493205331012255e-01
2.286853055414639346e-02 1.736735190768018633e+00
1.299841869055395893e-02 9.672991776879729109e-01
2.313235556210280208e-02 1.643015501415889812e+00
1.662468145267304021e-02 1.330277747302210489e+00
1.474721462377315273e-02 1.163342276928901464e+00
2.464993495084144559e-02 1.836709007908143176e+00
1.577964274704879433e-02 1.173103775311265640e+00
1.139326028863052453e-02 1.133737131794660735e+00
1.539626965111196011e-02 1.229808325028693750e+00
1.801627944162742523e-02 1.334753257463693776e+00
1.347091469949357467e-02 1.035739162136275482e+00
2.355686585774763309e-02 1.502756920137527041e+00
9.527706424041881839e-03 9.202081379723882071e-01
2.262539799536167351e-02 1.693558294829274224e+00
1.635798228043772173e-02 1.310516728409747866e+00
1.838034266836785502e-02 1.353474150408890075e+00
1.589681337143467044e-02 1.286396633219269781e+00
1.383385797679026474e-02 8.625661365874059960e-01
1.659494102224567946e-02 1.479437574388678067e+00
1.228835448835530197e-02 1.179291399017404984e+00
2.216467388512022296e-02 1.534064966010520559e+00
1.851942880055712504e-02 1.091034893927061988e+00
1.556866863256323175e-02 1.074426321749939017e+00
1.324062025833139256e-02 9.973161757431330265e-01
1.707791700987759675e-02 1.374668901133843102e+00
1.317332006391491728e-02 1.181888440550239672e+00
1.299450713702932081e-02 9.719394711613071891e-01
2.370947846578630447e-02 1.692668462388437156e+00
1.809943909266586992e-02 1.513650357369033861e+00
1.603659207762120342e-02 1.379237584671562988e+00
1.813204889859987290e-02 1.420941408305880671e+00
2.221002260083304591e-02 1.589056649374493091e+00
1.382367410678664310e-02 1.081073458586645275e+00
1.233592987498588478e-02 9.574166580873034738e-01
1.472243564054298570e-02 1.330957476782176796e+00
1.648091064900403246e-02 1.267472964848442629e+00
1.547952511052486102e-02 1.097338945126526744e+00
1.767324582260776378e-02 1.241530407856982876e+00
1.649694846803861914e-02 1.293900137416704954e+00
1.965496849149306335e-02 1.379464648730983400e+00
1.481551799942359970e-02 1.248347282853541795e+00
1.396120621081664570e-02 1.063264572976196476e+00
1.566799935817808631e-02 1.165524442797306381e+00
1.498763635208122391e-02 1.071677682084605010e+00
1.539714408153891601e-02 1.113595510286054635e+00
1.367730708173142684e-02 1.221938129434620768e+00
1.694341636734630896e-02 1.247878727579376790e+00
1.898834836615059807e-02 1.116159793528446187e+00
1.373222291625630920e-02 1.058496764707637539e+00
1.390168411959014083e-02 9.517539361055609159e-01
2.564382343573745615e-02 1.888017096753691781e+00
2.040269124002191958e-02 1.491157396724551054e+00
1.297128475262743219e-02 1.210481927967160143e+00
1.316068313013940561e-02 8.773539877987170943e-01
1.823734734705073635e-02 1.329943507553788429e+00
1.285746425677625204e-02 1.151089225024909624e+00
1.762738911271666264e-02 1.234732069932841014e+00
2.597890746501840820e-02 2.274114807815216022e+00
2.019777037749326265e-02 1.288358433044623830e+00
1.348348812210253822e-02 1.073331310283206053e+00
1.508846121770612836e-02 1.246668964191592455e+00
2.064459472703894516e-02 1.765358875457721632e+00
1.862160999598350131e-02 1.335283584529432410e+00
2.520662159064057661e-02 1.938175081079130058e+00
2.143724540650326915e-02 1.817767860206105368e+00
1.472779731781148627e-02 9.600756282981931511e-01
2.165045818316202464e-02 1.544569791639353706e+00
1.282893802560169938e-02 1.329108946825087623e+00
2.348050524486111623e-02 1.523908100558358347e+00
1.728302610361487357e-02 1.236711100980138811e+00
1.582571040263069939e-02 1.358572980820303755e+00
2.014873517556758920e-02 1.638097806656486188e+00
1.735030030678230695e-02 1.263693116318342025e+00
2.164091142397150946e-02 1.865747667191298031e+00
2.591043097545486784e-02 2.419872703740379993e+00
2.070813865362608475e-02 1.466671846324110184e+00
1.270474715119429554e-02 1.102753901975257467e+00
1.561874152331199639e-02 1.168583296145129236e+00
1.905211181077426374e-02 1.381852916644487728e+00
1.516954924177715824e-02 1.162243723145995444e+00
1.472065775785225128e-02 1.093676660890662511e+00
1.557637362946817650e-02 1.329495667767713885e+00
1.706766785740310155e-02 9.822815339999206863e-01
1.562127922808986824e-02 1.345076024725092800e+00
1.424018947649308142e-02 1.122980724710705092e+00
1.526811558089113952e-02 1.167718929128185756e+00
1.341480429295494048e-02 1.140836022341574107e+00
1.392885740602156641e-02 9.887432210347850692e-01
1.872701008753208107e-02 1.503384476698169214e+00
1.933627313047836527e-02 1.751380091557093843e+00
2.209248221048298877e-02 1.700312977847851403e+00
1.543230215090374280e-02 1.167915616460399875e+00
2.591342924757911170e-02 1.728948781790783373e+00
1.530642625845124449e-02 1.204003569812791774e+00
2.127929076669310415e-02 1.691143314694401267e+00
1.751459652130915590e-02 1.365401509166255245e+00
1.745538831301152172e-02 1.172810190759360882e+00
1.431305363102552963e-02 1.020368411300541567e+00
2.326888935568571792e-02 1.725906326939135926e+00
1.226173845938882678e-02 1.364948415592741160e+00
1.490477672580603485e-02 1.328772020730649928e+00
1.636138407518572535e-02 1.268430996253173682e+00
1.512478338564660074e-02 1.137310848849502953e+00
1.820626172332806547e-02 1.247615140081587359e+00
1.641304946365296225e-02 1.109817475580390900e+00
1.860795957997907202e-02 1.212896080626846063e+00
2.536961483422395247e-02 1.615302807555433429e+00
1.857672160069756551e-02 1.019837869410855413e+00
1.456274334329432651e-02 1.310885574286439370e+00
1.572276210436496235e-02 1.163030168835782252e+00
1.733521774493962386e-02 1.346809511298880713e+00
2.487726254372979451e-02 1.815623019879655464e+00
1.511198094881394116e-02 1.256596134356728012e+00
1.847957849803316677e-02 1.272334925404078110e+00
1.575232012620353395e-02 1.016232617925103554e+00
1.371863619742519358e-02 1.199233857526828206e+00
1.812722273235511938e-02 1.248788196500156156e+00
1.359698992501867654e-02 1.156814538789442182e+00
1.186454052569330120e-02 8.903008743218050469e-01
1.554608993987460774e-02 1.259202381781881375e+00
2.238487901460517460e-02 1.641993578394538966e+00
1.284816111128150862e-02 1.322428439198598538e+00
1.581328555514527334e-02 1.341422380552866001e+00
1.954783615690502963e-02 1.283360362883638750e+00
2.054523086003989807e-02 1.690837428633797268e+00
1.785879700299619621e-02 1.638739519857934646e+00
1.727579459702810460e-02 1.054697636818722195e+00
2.227352305160301693e-02 1.635493531473320772e+00
1.992123706825499330e-02 1.350968588742515353e+00
2.817135802466264050e-02 2.214260094440332782e+00
1.576094107560277457e-02 1.207498790339016415e+00
3.037339189533627692e-02 2.241322987523346910e+00
2.172781868455009313e-02 1.483915159527986916e+00
2.263568035888696706e-02 1.892818475249442800e+00
1.258497904440847304e-02 8.542337403929618489e-01
1.483520359384182807e-02 1.042999836073017939e+00
2.328525639031819860e-02 1.866757631482865110e+00
1.329534140615085125e-02 1.069179294571868555e+00
2.062177928134611982e-02 1.564733952363003056e+00
1.411526516331407244e-02 1.317151034345286131e+00
1.369412598510821866e-02 9.325693017807590302e-01
1.395037458638048733e-02 1.006075868898413050e+00
2.017972986434457550e-02 1.443486654625915300e+00
1.503151226707533095e-02 9.765769227577164591e-01
2.411246817430257039e-02 1.881554928707145358e+00
2.156470203258908924e-02 1.526529491244940084e+00
1.523757961681893036e-02 1.227315277588129971e+00
1.692496323127512525e-02 1.309752042788241200e+00
2.186376535071010707e-02 1.856418877498238196e+00
1.894795160261342204e-02 1.466999379596506836e+00
2.153408093279995938e-02 1.491202255381292918e+00
2.110565578120171537e-02 1.548214069289299610e+00
1.415128877047056033e-02 1.278851368941448019e+00
1.717498779536208442e-02 1.218331278309839227e+00
1.239764308989577124e-02 9.740151381330475200e-01
1.449047553999427418e-02 1.066732812063008407e+00
2.469190990889003068e-02 1.556935618706236202e+00
2.134645210093932821e-02 1.562680214289184244e+00
1.163080654563186656e-02 1.033362300942422207e+00
1.645185602034948680e-02 1.173259437151632056e+00
2.257845814251813188e-02 1.143357498436134101e+00
1.639121191980830172e-02 1.273644737555226003e+00
1.792182370982220441e-02 1.472014854590148136e+00
1.380592155511106700e-02 8.491571651156890610e-01
1.837731614388316004e-02 1.617267987120677430e+00
2.134716387453816644e-02 1.771996766716439797e+00
1.792524923894012190e-02 1.325024730175325516e+00
2.070218430123005326e-02 1.365334322821695201e+00
1.620305803701105329e-02 1.289513380377871776e+00
1.405498991986997570e-02 9.832770108019316391e-01
1.690728221208248616e-02 1.337057276437803255e+00
1.675722406516055862e-02 1.056841524254032771e+00
2.223142733683192152e-02 1.466867437826542719e+00
1.295715453798595984e-02 1.080412831260715079e+00
1.595942302765307463e-02 1.210036139588585025e+00
1.846420751411470551e-02 1.138998350655961334e+00
1.260820756865965730e-02 1.123727961237567019e+00
2.056102447273966405e-02 1.609679311373265698e+00
1.617674217320874686e-02 1.404533411442575597e+00
1.660896679912382545e-02 1.148864658611758793e+00
1.467080720161029195e-02 8.975947728454167773e-01
1.449212716271508494e-02 1.137759238943238715e+00
1.396185964744312002e-02 1.053209220546523550e+00
1.542469988238237555e-02 1.085200498546595949e+00
1.393629309481858591e-02 1.068997003479652319e+00
2.484720688981190140e-02 1.865528289540026918e+00
1.254395339178959734e-02 1.309164362281605598e+00
1.455812811664880524e-02 1.206545837474604532e+00
1.610150392612141879e-02 1.464731294049589350e+00
1.946302244222652966e-02 1.499067473623357127e+00
1.771297254327475201e-02 1.094543750714871200e+00
1.752507542001124907e-02 1.180329213039553293e+00
2.241369904140710911e-02 1.458989723196552735e+00
1.807071937589721511e-02 1.103690417813278035e+00
1.811470065623954628e-02 1.596957887657848074e+00
1.512127958526643390e-02 1.301068613818982644e+00
1.386027374626097597e-02 9.994992943643797867e-01
2.171891136374604070e-02 1.753929858891853932e+00
2.434726981054891048e-02 1.622391631774405152e+00
1.736815043418826754e-02 1.068462851602998365e+00
1.843773254821612362e-02 1.694657673631726702e+00
2.528997939744115353e-02 1.897602617089930499e+00
1.630807866097006009e-02 1.189833748057407270e+00
1.766140704693142105e-02 1.098713820626608495e+00
2.231692504761684237e-02 1.457210551077698479e+00
1.632160096221446643e-02 9.508851245984974998e-01
2.022480195348652643e-02 1.606569270889554257e+00
1.591541021765385810e-02 1.306681524860540566e+00
2.032494727903910725e-02 1.307348249582707123e+00
1.652507326268193300e-02 1.123168480524349810e+00
1.219818133831984674e-02 9.200571467728431152e-01
1.690542416800411285e-02 1.377963614256392022e+00
2.225846467091374681e-02 1.522205015584084720e+00
1.610211872062072835e-02 1.259154283672326624e+00
1.973557279669990727e-02 1.280579179022676817e+00
2.179334253458420356e-02 1.560206306754423622e+00
1.376083574700692758e-02 1.039472220965268034e+00
1.873384163179592221e-02 1.230187430383380853e+00
1.278406076440996575e-02 1.306762264687861164e+00
1.383447390680281330e-02 1.208028863951656540e+00
2.045022385070116577e-02 1.759532975040660085e+00
2.133840882686077745e-02 1.382301834711175292e+00
1.711468104723357087e-02 1.219429767115922214e+00
2.404851491573911648e-02 1.397221067373228820e+00
1.551714081330879402e-02 1.063852669853419197e+00
1.806356957323795864e-02 1.384127416438526215e+00
2.345502727115944541e-02 1.701044565794902708e+00
1.977314218057735218e-02 1.047338404523326938e+00
1.895438790843317900e-02 1.398224058050251184e+00
1.281370956720728760e-02 1.148821901786634569e+00
2.083614754789131496e-02 1.276547668725545259e+00
1.758456850014789019e-02 1.279740886718050863e+00
1.561433929787880981e-02 1.268435742041971404e+00
1.710842106392840289e-02 1.284799055629503250e+00
1.732976615492765049e-02 1.254889809230791409e+00
1.499522080215687225e-02 9.514272672383501384e-01
2.029764234954878344e-02 1.565849220216753990e+00
1.896602484857223825e-02 1.668075961355164338e+00
2.019769863779963259e-02 1.538189431715637046e+00
2.339183501068442528e-02 1.649390828759869310e+00
1.791306129915226641e-02 1.327429825018759058e+00
1.657257312233217927e-02 9.480767518176536068e-01
1.660084257657712392e-02 1.154882789446894265e+00
2.199211621415209095e-02 1.953219077108402812e+00
2.404480446597856425e-02 1.537028726227075204e+00
1.800948523799084100e-02 1.089419689206427622e+00
2.049833969378644927e-02 1.560711662473208028e+00
1.546629245548747367e-02 1.091976911189588950e+00
1.447306030091621842e-02 9.057647454836779133e-01
1.638454556227875170e-02 9.262600011652605270e-01
1.457635720269601087e-02 1.276724603086159870e+00
1.563474921776175641e-02 1.001996524826559209e+00
1.705563205364879487e-02 1.117000275881675275e+00
1.730075796860641724e-02 1.509504788924170615e+00
1.988179699129721811e-02 1.380838933716718842e+00
1.430948260197495436e-02 1.141115614279086810e+00
2.420519629949535734e-02 1.693081776065371136e+00
1.467044499527314638e-02 1.095826576750032366e+00
1.795401021627140992e-02 1.414922012227370463e+00
1.373202593174582820e-02 9.684652757191156702e-01
1.594187827143500602e-02 1.049369771791315076e+00
1.275152776497789908e-02 1.042228187376905924e+00
2.259053103514552241e-02 1.709421980090513937e+00
1.157393451442378929e-02 1.055192502096101492e+00
1.918113852667846508e-02 1.254129359680854927e+00
1.644094460494727183e-02 1.263042736530162191e+00
2.182161209884991848e-02 1.460753196412741595e+00
1.646610198046227769e-02 9.707151602987629246e-01
1.266240477937274900e-02 9.611717073742377382e-01
1.551692667253645741e-02 1.037946141085664298e+00
1.683541837323554446e-02 1.413433185850347940e+00
2.010377527866380465e-02 1.397469651302787552e+00
1.908580956956906771e-02 1.476158371427707783e+00
1.292457597023377591e-02 1.030864362526328737e+00
1.741423547670473138e-02 1.336541054059976918e+00
1.648449796688289393e-02 1.098836934951669342e+00
1.562950082760450332e-02 1.431966246245923502e+00
1.473011330224693882e-02 1.073412400855362714e+00
1.556466796579603074e-02 9.861166973238859601e-01
1.424885659970220875e-02 1.006918995929426908e+00
1.509340701818695507e-02 1.195346646401370005e+00
1.905830974130318101e-02 1.764186783233124389e+00
2.016881261922909285e-02 1.881791266936304607e+00
2.108417351131408601e-02 1.517193887303387889e+00
1.618742891837765541e-02 9.769748573056787899e-01
1.995025809409090023e-02 1.435971546393355336e+00
1.577420706443555254e-02 1.364143575267995789e+00
2.101234473644730816e-02 1.451921697604918071e+00
2.410527755629809921e-02 1.992407227331176589e+00
1.595978931409491874e-02 9.404858834859234351e-01
2.087123686443381754e-02 1.702546401687727640e+00
1.766279231520151427e-02 1.466179777897288705e+00
1.627484223800390595e-02 1.138083417168021860e+00
1.450657630725749048e-02 9.855992287581217814e-01
1.803174191966361306e-02 1.241856571843629187e+00
1.508459900897474171e-02 1.060293586397720755e+00
2.238106209533086144e-02 1.458860644156664499e+00
1.559275610293486825e-02 1.070890886239208584e+00
1.412691048314429487e-02 9.681783218767474608e-01
2.214018038285603396e-02 1.660874753423964734e+00
1.325775994023170590e-02 1.020528275409065433e+00
1.501561709392851274e-02 1.061454012563564975e+00
1.678486051212901842e-02 1.166998031054425677e+00
2.092932058291196995e-02 1.564268985805576051e+00
2.105240695517252014e-02 1.441143778838187339e+00
1.748840629014625225e-02 1.173608500654558462e+00
1.834416271396144271e-02 1.354583423543192167e+00
1.550426243221347811e-02 1.284278054602904895e+00
1.758172198177254675e-02 1.300160704420236346e+00
1.674928276873821620e-02 1.305229641127005236e+00
2.111040614727677234e-02 1.757199729100766383e+00
1.781635008787529895e-02 1.314789609671953130e+00
2.033041685046599323e-02 1.655970273615633870e+00
1.706634360493441971e-02 1.212786870819914764e+00
1.820141899415628206e-02 1.454129669693150717e+00
1.864778010309375844e-02 1.383679171271996022e+00
1.691781954469184779e-02 1.564980981597877907e+00
2.185290126036021352e-02 1.729507940011639766e+00
1.624446205695073697e-02 1.086836068408349565e+00
2.101371166043464189e-02 1.539253440646644933e+00
1.957042699408728659e-02 1.864679563099123083e+00
1.408393776732552727e-02 9.894231827649238031e-01
1.618054602715945922e-02 1.272978836919555823e+00
1.678839055910730238e-02 1.552004699144247324e+00
1.498572762722816254e-02 1.089372871554828759e+00
1.894163284978811479e-02 1.497982822887680365e+00
1.849562593989917403e-02 1.617709465051230922e+00
1.417953333108556979e-02 1.098305308455505891e+00
1.994803287994839636e-02 1.453805752787246108e+00
1.832499370027651509e-02 1.691840864706736225e+00
1.449889279043825585e-02 1.018300782519401704e+00
1.923886248600226168e-02 1.234488811636496708e+00
2.441310883890845940e-02 1.802692764503123657e+00
1.675130897389909279e-02 1.487064193855702543e+00
2.020293209853618599e-02 1.381734909407837275e+00
2.033889757438811507e-02 1.265590896806509935e+00
1.629911083731028221e-02 1.196690750015385607e+00
2.015111328416585579e-02 1.647855822134463022e+00
1.561789192658280534e-02 1.135727892730861388e+00
1.735865662692137601e-02 1.560716838251923644e+00
1.523237043845582228e-02 1.042125591086781489e+00
2.092912400137714179e-02 1.770998184912055962e+00
1.403996419483111158e-02 1.058117573582089799e+00
1.794893770435890268e-02 1.324360340130133373e+00
1.928227216198730165e-02 1.347859203546467821e+00
2.724065937791764203e-02 1.756438849408931357e+00
1.603159274197230033e-02 1.047175139126572896e+00
1.316203612122268662e-02 1.153748251147223680e+00
1.430678759923365018e-02 1.195847163610042507e+00
1.221464510105518819e-02 1.054259291780759611e+00
1.641486798234159661e-02 1.469280607218310886e+00
1.696385047160398063e-02 1.202380882732524192e+00
1.813445219255793717e-02 1.152813366316675525e+00
2.109094435648195542e-02 1.694081573208289004e+00
2.326703333898005877e-02 1.460505535591706483e+00
1.157017761271639245e-02 9.364599708827761049e-01
1.485282920063846213e-02 1.114576059098838501e+00
1.561221307493521060e-02 1.202856471025211427e+00
1.663095162735150900e-02 1.112141818001581850e+00
1.856125986124435023e-02 1.088527188293101133e+00
1.380928664961600383e-02 1.052079720196002821e+00
1.159677237889156221e-02 1.045093719050024461e+00
2.249454191181443630e-02 1.650867994924867910e+00
2.291441901667778946e-02 1.599932704085816448e+00
1.585934380216258432e-02 1.134228531998091150e+00
2.024969201537474284e-02 1.705098346358139283e+00
2.261097792867106104e-02 1.558095806346624590e+00
1.631306881261951336e-02 1.526349556722150336e+00
1.300244668140049242e-02 1.096188333985664842e+00
1.515862947212665013e-02 9.436191292441020728e-01
2.087449192389723152e-02 1.713262077300800934e+00
1.296091194658877122e-02 1.273285896571126674e+00
1.985641776697044669e-02 1.418568634340375612e+00
1.818373105267701018e-02 1.453074401824826500e+00
